Bulbasaur 45 49 49 65 65 45
bulbasaur 45 49 49 65 65 45
Ivysaur 60 62 63 80 80 60
ivysaur 60 62 63 80 80 60
Venusaur 80 82 83 100 100 80
venusaur 80 82 83 100 100 80
Charmander 39 52 43 60 50 65
charmander 39 52 43 60 50 65
Charmeleon 58 64 58 80 65 80
charmeleon 58 64 58 80 65 80
Charizard 78 84 109 85 85 100
charizard 78 84 109 85 85 100
Squirtle 44 48 65 50 64 43
squirtle 44 48 65 50 64 43
Wartortle 59 63 80 65 80 58
wartortle 59 63 80 65 80 58
Blastoise 79 83 100 85 105 78
blastoise 79 83 100 85 105 78
Caterpie 45 30 20 35 20 45
caterpie 45 30 20 35 20 45
Metapod 50 20 25 55 25 30
metapod 50 20 25 55 25 30
Butterfree 60 45 90 50 80 70
butterfree 60 45 90 50 80 70
Weedle 40 35 20 30 20 50
weedle 40 35 20 30 20 50
Kakuna 45 25 25 50 25 35
kakuna 45 25 25 50 25 35
Beedrill 65 90 45 40 80 75
beedrill 65 90 45 40 80 75
Pidgey 40 45 35 35 35 56
pidgey 40 45 35 35 35 56
Pidgeotto 63 60 50 50 50 71
pidgeotto 63 60 50 50 50 71
Pidgeot 83 80 70 70 70 101
pidgeot 83 80 70 70 70 101
Rattata 30 56 25 35 35 72
rattata 30 56 25 35 35 72
Raticate 55 81 50 60 70 97
raticate 55 81 50 60 70 97
Spearow 40 60 31 31 31 70
spearow 40 60 31 31 31 70
Fearow 65 90 61 61 61 100
fearow 65 90 61 61 61 100
Ekans 35 60 40 44 54 55
ekans 35 60 40 44 54 55
Arbok 60 85 65 69 79 80
arbok 60 85 65 69 79 80
Pikachu 35 55 50 40 50 90
pikachu 35 55 50 40 50 90
Raichu 60 90 90 55 80 110
raichu 60 90 90 55 80 110
Sandshrew 50 75 20 85 30 40
sandshrew 50 75 20 85 30 40
Sandslash 75 100 45 110 55 65
sandslash 75 100 45 110 55 65
Nidoran_F 55 47 40 40 40 41
nidoran_F 55 47 40 40 40 41
Nidorina 70 62 55 55 55 56
nidorina 70 62 55 55 55 56
Nidoqueen 90 92 75 85 85 76
nidoqueen 90 92 75 85 85 76
Nidoran_M 46 57 40 40 40 50
nidoran_M 46 57 40 40 40 50
Nidorino 61 72 55 55 55 65
nidorino 61 72 55 55 55 65
Nidoking 81 102 85 75 75 85
nidoking 81 102 85 75 75 85
Clefairy 70 45 60 48 65 35
clefairy 70 45 60 48 65 35
Clefable 95 70 85 73 90 60
clefable 95 70 85 73 90 60
Vulpix 38 41 50 40 65 65
vulpix 38 41 50 40 65 65
Ninetales 73 76 81 75 100 100
ninetales 73 76 81 75 100 100
Jigglypuff 115 45 45 20 25 20
jigglypuff 115 45 45 20 25 20
Wigglytuff 140 70 85 45 50 45
wigglytuff 140 70 85 45 50 45
Zubat 40 45 30 35 40 55
zubat 40 45 30 35 40 55
Golbat 75 80 65 70 75 90
golbat 75 80 65 70 75 90
Oddish 45 50 75 55 65 30
oddish 45 50 75 55 65 30
Gloom 60 65 85 70 75 40
gloom 60 65 85 70 75 40
Vileplume 75 80 110 85 90 50
vileplume 75 80 110 85 90 50
Paras 35 70 45 55 55 25
paras 35 70 45 55 55 25
Parasect 60 95 60 80 80 30
parasect 60 95 60 80 80 30
Venonat 60 55 40 50 55 45
venonat 60 55 40 50 55 45
Venomoth 70 65 90 60 75 90
venomoth 70 65 90 60 75 90
Diglett 10 55 35 25 45 95
diglett 10 55 35 25 45 95
Dugtrio 35 100 50 50 70 120
dugtrio 35 100 50 50 70 120
Meowth 40 45 35 35 40 90
meowth 40 45 35 35 40 90
Persian 65 70 65 60 65 115
persian 65 70 65 60 65 115
Psyduck 50 52 65 48 50 55
psyduck 50 52 65 48 50 55
Golduck 80 82 95 78 80 85
golduck 80 82 95 78 80 85
Mankey 40 80 35 35 45 70
mankey 40 80 35 35 45 70
Primeape 65 105 60 60 70 95
primeape 65 105 60 60 70 95
Growlithe 55 70 45 50 50 60
growlithe 55 70 45 50 50 60
Arcanine 90 110 100 80 80 95
arcanine 90 110 100 80 80 95
Poliwag 40 50 40 40 40 90
poliwag 40 50 40 40 40 90
Poliwhirl 65 65 50 50 50 90
poliwhirl 65 65 50 50 50 90
Poliwrath 90 95 70 90 90 70
poliwrath 90 95 70 90 90 70
Abra 25 20 105 15 55 90
abra 25 20 105 15 55 90
Kadabra 40 35 120 30 70 105
kadabra 40 35 120 30 70 105
Alakazam 55 50 135 45 95 120
alakazam 55 50 135 45 95 120
Machop 70 80 35 50 35 35
machop 70 80 35 50 35 35
Machoke 80 100 50 70 60 45
machoke 80 100 50 70 60 45
Machamp 90 130 65 80 85 55
machamp 90 130 65 80 85 55
Bellsprout 50 75 70 35 30 40
bellsprout 50 75 70 35 30 40
Weepinbell 65 90 85 50 45 55
weepinbell 65 90 85 50 45 55
Victreebel 80 105 100 65 70 70
victreebel 80 105 100 65 70 70
Tentacool 40 40 50 35 100 70
tentacool 40 40 50 35 100 70
Tentacruel 80 70 80 65 120 100
tentacruel 80 70 80 65 120 100
Geodude 40 80 30 100 30 20
geodude 40 80 30 100 30 20
Graveler 55 95 45 115 45 35
graveler 55 95 45 115 45 35
Golem 80 120 55 130 65 45
golem 80 120 55 130 65 45
Ponyta 50 85 65 55 65 90
ponyta 50 85 65 55 65 90
Rapidash 65 100 80 70 80 105
rapidash 65 100 80 70 80 105
Slowpoke 90 65 40 40 40 15
slowpoke 90 65 40 40 40 15
Slowbro 95 75 100 110 80 30
slowbro 95 75 100 110 80 30
Magnemite 25 35 95 70 55 45
magnemite 25 35 95 70 55 45
Magneton 50 60 120 95 70 70
magneton 50 60 120 95 70 70
Farfetchd 52 90 58 62 58 60
farfetchd 52 90 58 62 58 60
Doduo 35 85 35 35 35 75
doduo 35 85 35 35 35 75
Dodrio 60 110 60 60 60 100
dodrio 60 110 60 60 60 100
Seel 65 45 45 55 70 45
seel 65 45 45 55 70 45
Dewgong 90 70 70 80 95 70
dewgong 90 70 70 80 95 70
Grimer 80 80 50 50 50 25
grimer 80 80 50 50 50 25
Muk 105 105 65 100 100 50
muk 105 105 65 100 100 50
Shellder 30 65 45 100 25 40
shellder 30 65 45 100 25 40
Cloyster 50 95 85 180 45 70
cloyster 50 95 85 180 45 70
Gastly 30 35 100 30 100 80
gastly 30 35 100 30 100 80
Haunter 45 50 115 45 115 95
haunter 45 50 115 45 115 95
Gengar 60 65 130 60 75 110
gengar 60 65 130 60 75 110
Onix 35 45 30 160 45 70
onix 35 45 30 160 45 70
Drowzee 60 48 43 90 90 42
drowzee 60 48 43 90 90 42
Hypno 85 73 73 115 100 67
hypno 85 73 73 115 100 67
Krabby 30 105 25 90 25 50
krabby 30 105 25 90 25 50
Kingler 55 130 50 115 50 75
kingler 55 130 50 115 50 75
Voltorb 40 30 55 50 55 100
voltorb 40 30 55 50 55 100
Electrode 60 50 80 70 80 150
electrode 60 50 80 70 80 150
Exeggcute 60 40 60 80 45 40
exeggcute 60 40 60 80 45 40
Exeggutor 95 95 125 85 65 55
exeggutor 95 95 125 85 65 55
Cubone 50 50 40 95 50 35
cubone 50 50 40 95 50 35
Marowak 60 80 50 110 80 45
marowak 60 80 50 110 80 45
Hitmonlee 50 120 35 53 110 87
hitmonlee 50 120 35 53 110 87
Hitmonchan 50 105 35 79 110 76
hitmonchan 50 105 35 79 110 76
Lickitung 90 55 60 75 75 30
lickitung 90 55 60 75 75 30
Koffing 40 65 60 95 45 35
koffing 40 65 60 95 45 35
Weezing 65 90 85 120 70 60
weezing 65 90 85 120 70 60
Rhyhorn 80 85 30 95 30 25
rhyhorn 80 85 30 95 30 25
Rhydon 105 130 45 120 45 40
rhydon 105 130 45 120 45 40
Chansey 250 5 35 5 105 50
chansey 250 5 35 5 105 50
Tangela 65 55 100 115 40 60
tangela 65 55 100 115 40 60
Kangaskhan 105 95 40 80 80 90
kangaskhan 105 95 40 80 80 90
Horsea 30 40 70 70 25 60
horsea 30 40 70 70 25 60
Seadra 55 65 95 95 45 85
seadra 55 65 95 95 45 85
Goldeen 45 67 35 60 50 63
goldeen 45 67 35 60 50 63
Seaking 80 92 65 65 80 68
seaking 80 92 65 65 80 68
Staryu 30 45 70 55 55 85
staryu 30 45 70 55 55 85
Starmie 60 75 100 85 85 115
starmie 60 75 100 85 85 115
Mr_Mime 40 45 100 65 120 90
mr_mime 40 45 100 65 120 90
Scyther 70 110 55 80 80 105
scyther 70 110 55 80 80 105
Jynx 65 50 115 35 95 95
jynx 65 50 115 35 95 95
Electabuzz 65 83 95 57 85 105
electabuzz 65 83 95 57 85 105
Magmar 65 95 100 57 85 93
magmar 65 95 100 57 85 93
Pinsir 65 125 55 100 70 85
pinsir 65 125 55 100 70 85
Tauros 75 100 40 95 70 110
tauros 75 100 40 95 70 110
Magikarp 20 10 15 55 20 80
magikarp 20 10 15 55 20 80
Gyarados 95 125 60 79 100 81
gyarados 95 125 60 79 100 81
Lapras 130 85 85 80 95 60
lapras 130 85 85 80 95 60
Ditto 48 48 48 48 48 48
ditto 48 48 48 48 48 48
Eevee 55 55 45 50 65 55
eevee 55 55 45 50 65 55
Vaporeon 130 65 110 60 95 65
vaporeon 130 65 110 60 95 65
Jolteon 65 65 110 60 95 130
jolteon 65 65 110 60 95 130
Flareon 65 130 95 60 110 65
flareon 65 130 95 60 110 65
Porygon 65 60 85 70 75 40
porygon 65 60 85 70 75 40
Omanyte 35 40 90 100 55 35
omanyte 35 40 90 100 55 35
Omastar 70 60 115 125 70 55
omastar 70 60 115 125 70 55
Kabuto 30 80 55 90 45 55
kabuto 30 80 55 90 45 55
Kabutops 60 115 65 105 70 80
kabutops 60 115 65 105 70 80
Aerodactyl 80 105 60 65 75 130
aerodactyl 80 105 60 65 75 130
Snorlax 160 110 65 65 110 30
snorlax 160 110 65 65 110 30
Articuno 90 85 95 100 125 85
articuno 90 85 95 100 125 85
Zapdos 90 90 125 85 90 100
zapdos 90 90 125 85 90 100
Moltres 90 100 125 90 85 90
moltres 90 100 125 90 85 90
Dratini 41 64 50 50 50 50
dratini 41 64 50 50 50 50
Dragonair 61 84 70 70 70 70
dragonair 61 84 70 70 70 70
Dragonite 91 134 100 95 100 80
dragonite 91 134 100 95 100 80
Mewtwo 106 110 154 90 90 130
mewtwo 106 110 154 90 90 130
Mew 100 100 100 100 100 100
mew 100 100 100 100 100 100
Chikorita 45 49 49 65 65 45
chikorita 45 49 49 65 65 45
Bayleef 60 62 63 80 80 60
bayleef 60 62 63 80 80 60
Meganium 80 82 83 100 100 80
meganium 80 82 83 100 100 80
Cyndaquil 39 52 60 43 50 65
cyndaquil 39 52 60 43 50 65
Quilava 58 64 80 58 65 80
quilava 58 64 80 58 65 80
Typhlosion 78 84 109 78 85 100
typhlosion 78 84 109 78 85 100
Totodile 50 65 44 64 48 43
totodile 50 65 44 64 48 43
Croconaw 65 80 59 80 63 58
croconaw 65 80 59 80 63 58
Feraligatr 85 105 79 100 83 78
feraligatr 85 105 79 100 83 78
Sentret 35 46 35 34 45 20
sentret 35 46 35 34 45 20
Furret 85 76 45 64 55 90
furret 85 76 45 64 55 90
Hoothoot 60 30 36 30 56 50
hoothoot 60 30 36 30 56 50
Noctowl 100 50 76 50 96 70
noctowl 100 50 76 50 96 70
Ledyba 40 20 40 30 80 55
ledyba 40 20 40 30 80 55
Ledian 55 35 55 50 110 85
ledian 55 35 55 50 110 85
Spinarak 40 60 40 40 40 30
spinarak 40 60 40 40 40 30
Ariados 70 90 60 70 70 40
ariados 70 90 60 70 70 40
Crobat 85 90 70 80 80 130
crobat 85 90 70 80 80 130
Chinchou 75 38 56 38 56 67
chinchou 75 38 56 38 56 67
Lanturn 125 58 76 58 76 67
lanturn 125 58 76 58 76 67
Pichu 20 40 35 15 35 60
pichu 20 40 35 15 35 60
Cleffa 50 25 45 28 55 15
cleffa 50 25 45 28 55 15
Igglybuff 90 30 40 15 20 15
igglybuff 90 30 40 15 20 15
Togepi 35 20 40 65 65 20
togepi 35 20 40 65 65 20
Togetic 55 40 80 85 105 40
togetic 55 40 80 85 105 40
Natu 40 50 70 45 45 70
natu 40 50 70 45 45 70
Xatu 65 75 95 70 70 95
xatu 65 75 95 70 70 95
Mareep 55 40 65 40 45 35
mareep 55 40 65 40 45 35
Flaaffy 70 55 80 55 60 45
flaaffy 70 55 80 55 60 45
Ampharos 90 75 115 85 90 55
ampharos 90 75 115 85 90 55
Bellossom 75 80 90 95 100 50
bellossom 75 80 90 95 100 50
Marill 70 20 20 50 50 40
marill 70 20 20 50 50 40
Azumarill 100 50 60 80 80 50
azumarill 100 50 60 80 80 50
Sudowoodo 70 100 30 115 65 30
sudowoodo 70 100 30 115 65 30
Politoed 90 75 90 75 100 70
politoed 90 75 90 75 100 70
Hoppip 35 35 35 40 55 50
hoppip 35 35 35 40 55 50
Skiploom 55 45 45 50 65 80
skiploom 55 45 45 50 65 80
Jumpluff 75 55 55 70 95 110
jumpluff 75 55 55 70 95 110
Aipom 55 70 40 55 55 85
aipom 55 70 40 55 55 85
Sunkern 30 30 30 30 30 30
sunkern 30 30 30 30 30 30
Sunflora 75 75 105 55 85 30
sunflora 75 75 105 55 85 30
Yanma 65 65 75 45 45 95
yanma 65 65 75 45 45 95
Wooper 55 45 25 45 25 15
wooper 55 45 25 45 25 15
Quagsire 95 85 65 85 65 35
quagsire 95 85 65 85 65 35
Espeon 65 65 130 60 95 110
espeon 65 65 130 60 95 110
Umbreon 95 65 60 110 130 65
umbreon 95 65 60 110 130 65
Murkrow 60 85 85 42 42 91
murkrow 60 85 85 42 42 91
Slowking 95 75 100 80 110 30
slowking 95 75 100 80 110 30
Misdreavus 60 60 85 60 85 85
misdreavus 60 60 85 60 85 85
Unown 48 72 72 48 48 48
unown 48 72 72 48 48 48
Wobbuffet 190 33 33 58 58 33
wobbuffet 190 33 33 58 58 33
Girafarig 70 80 90 65 65 85
girafarig 70 80 90 65 65 85
Pineco 50 65 35 90 35 15
pineco 50 65 35 90 35 15
Forretress 75 90 60 140 60 40
forretress 75 90 60 140 60 40
Dunsparce 100 70 65 70 65 45
dunsparce 100 70 65 70 65 45
Gligar 65 75 35 105 65 85
gligar 65 75 35 105 65 85
Steelix 75 85 55 200 65 30
steelix 75 85 55 200 65 30
Snubbull 60 80 40 40 40 30
snubbull 60 80 40 40 40 30
Granbull 90 120 60 75 60 45
granbull 90 120 60 75 60 45
Qwilfish 65 95 55 85 55 85
qwilfish 65 95 55 85 55 85
Scizor 70 130 55 100 80 65
scizor 70 130 55 100 80 65
Shuckle 20 10 10 230 230 5
shuckle 20 10 10 230 230 5
Heracross 80 125 40 75 95 85
heracross 80 125 40 75 95 85
Sneasel 55 95 35 55 75 115
sneasel 55 95 35 55 75 115
Teddiursa 60 80 50 50 50 40
teddiursa 60 80 50 50 50 40
Ursaring 90 130 75 75 75 55
ursaring 90 130 75 75 75 55
Slugma 40 40 70 40 40 20
slugma 40 40 70 40 40 20
Magcargo 50 50 90 120 80 30
magcargo 50 50 90 120 80 30
Swinub 50 50 30 30 30 50
swinub 50 50 30 30 30 50
Piloswine 100 100 60 80 60 50
piloswine 100 100 60 80 60 50
Corsola 65 55 65 95 95 35
corsola 65 55 65 95 95 35
Remoraid 35 65 65 35 35 65
remoraid 35 65 65 35 35 65
Octillery 75 105 105 75 75 45
octillery 75 105 105 75 75 45
Delibird 45 55 65 45 45 75
delibird 45 55 65 45 45 75
Mantine 85 40 80 70 140 70
mantine 85 40 80 70 140 70
Skarmory 65 80 40 140 70 70
skarmory 65 80 40 140 70 70
Houndour 45 60 80 30 50 65
houndour 45 60 80 30 50 65
Houndoom 75 90 110 50 80 95
houndoom 75 90 110 50 80 95
Kingdra 75 95 95 95 95 85
kingdra 75 95 95 95 95 85
Phanpy 90 60 40 60 40 40
phanpy 90 60 40 60 40 40
Donphan 90 120 60 120 60 50
donphan 90 120 60 120 60 50
Porygon2 85 80 105 90 95 60
porygon2 85 80 105 90 95 60
Stantler 73 95 85 62 65 85
stantler 73 95 85 62 65 85
Smeargle 55 20 20 35 45 75
smeargle 55 20 20 35 45 75
Tyrogue 35 35 35 35 35 35
tyrogue 35 35 35 35 35 35
Hitmontop 50 95 35 95 110 70
hitmontop 50 95 35 95 110 70
Smoochum 45 30 85 15 65 65
smoochum 45 30 85 15 65 65
Elekid 45 63 65 37 55 95
elekid 45 63 65 37 55 95
Magby 45 75 70 37 55 83
magby 45 75 70 37 55 83
Miltank 95 80 40 105 70 100
miltank 95 80 40 105 70 100
Blissey 255 10 75 10 135 55
blissey 255 10 75 10 135 55
Raikou 90 85 115 75 100 115
raikou 90 85 115 75 100 115
Entei 115 115 90 85 75 100
entei 115 115 90 85 75 100
Suicune 100 75 90 115 115 85
suicune 100 75 90 115 115 85
Larvitar 50 64 45 50 50 41
larvitar 50 64 45 50 50 41
Pupitar 70 84 65 70 70 51
pupitar 70 84 65 70 70 51
Tyranitar 100 134 95 100 100 61
tyranitar 100 134 95 100 100 61
Lugia 106 90 110 130 154 110
lugia 106 90 110 130 154 110
Ho-oh 106 130 110 90 154 90
ho-oh 106 130 110 90 154 90
Celebi 100 100 100 100 100 100
celebi 100 100 100 100 100 100
Treecko 40 45 65 35 55 70
treecko 40 45 65 35 55 70
Grovyle 50 65 85 45 65 95
grovyle 50 65 85 45 65 95
Sceptile 70 85 105 65 85 120
sceptile 70 85 105 65 85 120
Torchic 45 60 70 40 50 45
torchic 45 60 70 40 50 45
Combusken 60 85 85 60 60 55
combusken 60 85 85 60 60 55
Blaziken 80 120 110 70 70 80
blaziken 80 120 110 70 70 80
Mudkip 50 70 50 50 50 40
mudkip 50 70 50 50 50 40
Marshtomp 70 85 60 70 70 50
marshtomp 70 85 60 70 70 50
Swampert 100 110 85 90 90 60
swampert 100 110 85 90 90 60
Poochyena 35 55 30 35 30 35
poochyena 35 55 30 35 30 35
Mightyena 70 90 60 70 60 70
mightyena 70 90 60 70 60 70
Zigzagoon 38 30 30 41 41 60
zigzagoon 38 30 30 41 41 60
Linoone 78 70 50 61 61 100
linoone 78 70 50 61 61 100
Wurmple 45 45 25 35 35 20
wurmple 45 45 25 35 35 20
Silcoon 50 35 25 55 25 15
silcoon 50 35 25 55 25 15
Beautifly 60 70 100 50 50 65
beautifly 60 70 100 50 50 65
Cascoon 50 35 25 55 25 15
cascoon 50 35 25 55 25 15
Dustox 60 50 50 70 90 65
dustox 60 50 50 70 90 65
Lotad 40 30 40 30 50 30
lotad 40 30 40 30 50 30
Lombre 60 50 60 50 70 50
lombre 60 50 60 50 70 50
Ludicolo 80 70 90 70 100 70
ludicolo 80 70 90 70 100 70
Seedot 40 40 30 50 30 30
seedot 40 40 30 50 30 30
Nuzleaf 70 70 60 40 60 60
nuzleaf 70 70 60 40 60 60
Shiftry 90 100 90 60 60 80
shiftry 90 100 90 60 60 80
Taillow 40 55 30 30 30 85
taillow 40 55 30 30 30 85
Swellow 60 85 50 60 50 125
swellow 60 85 50 60 50 125
Wingull 40 30 55 30 30 85
wingull 40 30 55 30 30 85
Pelipper 60 50 95 100 70 65
pelipper 60 50 95 100 70 65
Ralts 28 25 45 25 35 40
ralts 28 25 45 25 35 40
Kirlia 38 35 65 35 55 50
kirlia 38 35 65 35 55 50
Gardevoir 68 65 125 65 115 80
gardevoir 68 65 125 65 115 80
Surskit 40 30 50 32 52 65
surskit 40 30 50 32 52 65
Masquerain 70 60 100 62 82 80
masquerain 70 60 100 62 82 80
Shroomish 60 40 60 60 60 35
shroomish 60 40 60 60 60 35
Breloom 60 130 60 80 60 70
breloom 60 130 60 80 60 70
Slakoth 60 60 35 35 35 30
slakoth 60 60 35 35 35 30
Vigoroth 80 80 55 55 55 90
vigoroth 80 80 55 55 55 90
Slaking 150 160 95 100 65 100
slaking 150 160 95 100 65 100
Nincada 31 45 30 90 30 40
nincada 31 45 30 90 30 40
Ninjask 61 90 50 45 50 160
ninjask 61 90 50 45 50 160
Shedinja 1 90 30 45 30 40
shedinja 1 90 30 45 30 40
Whismur 64 51 51 23 23 28
whismur 64 51 51 23 23 28
Loudred 84 71 71 43 43 48
loudred 84 71 71 43 43 48
Exploud 104 91 91 63 73 68
exploud 104 91 91 63 73 68
Makuhita 72 60 20 30 30 25
makuhita 72 60 20 30 30 25
Hariyama 144 120 40 60 60 50
hariyama 144 120 40 60 60 50
Azurill 50 20 20 40 40 20
azurill 50 20 20 40 40 20
Nosepass 30 45 45 135 90 30
nosepass 30 45 45 135 90 30
Skitty 50 45 35 45 35 50
skitty 50 45 35 45 35 50
Delcatty 70 65 55 65 55 70
delcatty 70 65 55 65 55 70
Sableye 50 75 65 75 65 50
sableye 50 75 65 75 65 50
Mawile 50 85 55 85 55 50
mawile 50 85 55 85 55 50
Aron 50 70 40 100 40 30
aron 50 70 40 100 40 30
Lairon 60 90 50 140 50 40
lairon 60 90 50 140 50 40
Aggron 70 110 60 180 60 50
aggron 70 110 60 180 60 50
Meditite 30 40 40 55 55 60
meditite 30 40 40 55 55 60
Medicham 60 60 60 75 75 80
medicham 60 60 60 75 75 80
Electrike 40 45 65 40 40 65
electrike 40 45 65 40 40 65
Manectric 70 75 105 60 60 105
manectric 70 75 105 60 60 105
Plusle 60 50 85 40 75 95
plusle 60 50 85 40 75 95
Minun 60 40 75 50 85 95
minun 60 40 75 50 85 95
Volbeat 65 73 47 55 75 85
volbeat 65 73 47 55 75 85
Illumise 65 47 73 55 75 85
illumise 65 47 73 55 75 85
Roselia 50 60 100 45 80 65
roselia 50 60 100 45 80 65
Gulpin 70 43 43 53 53 40
gulpin 70 43 43 53 53 40
Swalot 100 73 73 83 83 55
swalot 100 73 73 83 83 55
Carvanha 45 90 65 20 20 65
carvanha 45 90 65 20 20 65
Sharpedo 70 120 95 40 40 95
sharpedo 70 120 95 40 40 95
Wailmer 130 70 70 35 35 60
wailmer 130 70 70 35 35 60
Wailord 170 90 90 45 45 60
wailord 170 90 90 45 45 60
Numel 60 60 65 40 45 35
numel 60 60 65 40 45 35
Camerupt 70 100 105 70 75 40
camerupt 70 100 105 70 75 40
Torkoal 70 85 85 140 70 20
torkoal 70 85 85 140 70 20
Spoink 60 25 70 35 80 60
spoink 60 25 70 35 80 60
Grumpig 80 45 90 65 110 80
grumpig 80 45 90 65 110 80
Spinda 60 60 60 60 60 60
spinda 60 60 60 60 60 60
Trapinch 45 100 45 45 45 10
trapinch 45 100 45 45 45 10
Vibrava 50 70 50 50 50 70
vibrava 50 70 50 50 50 70
Flygon 80 100 80 80 80 100
flygon 80 100 80 80 80 100
Cacnea 50 85 85 40 40 35
cacnea 50 85 85 40 40 35
Cacturne 70 115 115 60 60 55
cacturne 70 115 115 60 60 55
Swablu 45 40 40 60 75 50
swablu 45 40 40 60 75 50
Altaria 75 70 70 90 105 80
altaria 75 70 70 90 105 80
Zangoose 73 115 60 60 60 90
zangoose 73 115 60 60 60 90
Seviper 73 100 100 60 60 65
seviper 73 100 100 60 60 65
Lunatone 70 55 95 85 85 70
lunatone 70 55 95 85 85 70
Solrock 70 95 55 85 85 70
solrock 70 95 55 85 85 70
Barboach 50 48 46 43 41 60
barboach 50 48 46 43 41 60
Whiscash 110 78 76 73 71 60
whiscash 110 78 76 73 71 60
Corphish 43 80 50 65 35 35
corphish 43 80 50 65 35 35
Crawdaunt 63 120 90 85 55 55
crawdaunt 63 120 90 85 55 55
Baltoy 40 40 55 70 55 55
baltoy 40 40 55 70 55 55
Claydol 60 70 85 110 85 75
claydol 60 70 85 110 85 75
Lileep 66 41 61 77 87 23
lileep 66 41 61 77 87 23
Cradily 86 81 81 97 107 43
cradily 86 81 81 97 107 43
Anorith 45 95 40 50 50 75
anorith 45 95 40 50 50 75
Armaldo 75 125 70 100 80 45
armaldo 75 125 70 100 80 45
Feebas 20 15 10 55 20 80
feebas 20 15 10 55 20 80
Milotic 95 60 100 79 125 81
milotic 95 60 100 79 125 81
Castform 70 70 70 70 70 70
castform 70 70 70 70 70 70
Kecleon 60 90 60 120 120 40
kecleon 60 90 60 120 120 40
Shuppet 44 75 63 35 33 45
shuppet 44 75 63 35 33 45
Banette 64 115 83 65 63 65
banette 64 115 83 65 63 65
Duskull 20 40 30 90 90 25
duskull 20 40 30 90 90 25
Dusclops 40 70 60 130 130 25
dusclops 40 70 60 130 130 25
Tropius 99 68 72 83 87 51
tropius 99 68 72 83 87 51
Chimecho 65 50 95 70 80 65
chimecho 65 50 95 70 80 65
Absol 65 130 75 60 60 75
absol 65 130 75 60 60 75
Wynaut 95 23 23 48 48 23
wynaut 95 23 23 48 48 23
Snorunt 50 50 50 50 50 50
snorunt 50 50 50 50 50 50
Glalie 80 80 80 80 80 80
glalie 80 80 80 80 80 80
Spheal 70 40 55 50 55 25
spheal 70 40 55 50 55 25
Sealeo 90 60 75 70 75 45
sealeo 90 60 75 70 75 45
Walrein 110 80 95 90 95 65
walrein 110 80 95 90 95 65
Clamperl 35 64 74 85 55 32
clamperl 35 64 74 85 55 32
Huntail 55 104 94 105 75 52
huntail 55 104 94 105 75 52
Gorebyss 55 84 114 105 75 52
gorebyss 55 84 114 105 75 52
Relicanth 100 90 45 130 65 55
relicanth 100 90 45 130 65 55
Luvdisc 43 30 40 55 65 97
luvdisc 43 30 40 55 65 97
Bagon 45 75 60 40 30 50
bagon 45 75 60 40 30 50
Shelgon 65 95 100 50 50 45
shelgon 65 95 100 50 50 45
Salamence 95 135 110 80 80 100
salamence 95 135 110 80 80 100
Beldum 40 55 35 80 60 30
beldum 40 55 35 80 60 30
Metang 60 75 55 100 80 50
metang 60 75 55 100 80 50
Metagross 80 135 95 130 90 70
metagross 80 135 95 130 90 70
Regirock 80 100 50 200 100 50
regirock 80 100 50 200 100 50
Regice 80 50 100 100 200 50
regice 80 50 100 100 200 50
Registeel 80 75 75 150 150 50
registeel 80 75 75 150 150 50
Latias 80 80 110 90 130 110
latias 80 80 110 90 130 110
Latios 80 90 130 80 110 110
latios 80 90 130 80 110 110
Kyogre 100 100 150 90 140 90
kyogre 100 100 150 90 140 90
Groudon 100 150 100 140 90 90
groudon 100 150 100 140 90 90
Rayquaza 105 150 150 90 90 95
rayquaza 105 150 150 90 90 95
Jirachi 100 100 100 100 100 100
jirachi 100 100 100 100 100 100
Deoxys_Normal_Form 50 150 150 50 50 150
deoxys_normal_form 50 150 150 50 50 150
Deoxys_Attack_Form 50 180 20 180 20 150
deoxys_attack_form 50 180 20 180 20 150
Deoxys_Defense_Form 50 70 160 70 160 90
deoxys_defense_form 50 70 160 70 160 90
Deoxys_Speed_Form 50 95 90 95 90 180
deoxys_speed_form 50 95 90 95 90 180
Turtwig 55 68 45 64 55 31
turtwig 55 68 45 64 55 31
Grotle 75 89 55 85 65 36
grotle 75 89 55 85 65 36
Torterra 95 109 75 105 85 56
torterra 95 109 75 105 85 56
Chimchar 44 58 58 44 44 61
chimchar 44 58 58 44 44 61
Monferno 64 78 78 52 52 81
monferno 64 78 78 52 52 81
Infernape 76 104 104 71 71 108
infernape 76 104 104 71 71 108
Piplup 53 51 61 53 56 40
piplup 53 51 61 53 56 40
Prinplup 64 66 81 68 76 50
prinplup 64 66 81 68 76 50
Empoleon 84 86 111 88 101 60
empoleon 84 86 111 88 101 60
Starly 40 55 30 30 30 60
starly 40 55 30 30 30 60
Staravia 55 75 40 50 40 80
staravia 55 75 40 50 40 80
Staraptor 85 120 50 70 50 100
staraptor 85 120 50 70 50 100
Bidoof 59 45 40 40 40 31
bidoof 59 45 40 40 40 31
Bibarel 79 85 55 60 60 71
bibarel 79 85 55 60 60 71
Kricketot 37 25 25 41 41 25
kricketot 37 25 25 41 41 25
Kricketune 77 85 55 51 51 65
kricketune 77 85 55 51 51 65
Shinx 45 65 40 34 34 45
shinx 45 65 40 34 34 45
Luxio 60 85 60 49 49 60
luxio 60 85 60 49 49 60
Luxray 80 120 95 79 79 70
luxray 80 120 95 79 79 70
Budew 40 30 50 35 70 55
budew 40 30 50 35 70 55
Roserade 60 70 125 65 105 90
roserade 60 70 125 65 105 90
Cranidos 67 125 30 40 30 58
cranidos 67 125 30 40 30 58
Rampardos 97 165 65 60 50 58
rampardos 97 165 65 60 50 58
Shieldon 30 42 42 118 88 30
shieldon 30 42 42 118 88 30
Bastiodon 60 52 47 168 138 30
bastiodon 60 52 47 168 138 30
Burmy 40 29 29 45 45 36
burmy 40 29 29 45 45 36
Wormadam_Plant_Cloak 60 59 79 85 105 36
wormadam_plant_cloak 60 59 79 85 105 36
Wormadam_Sandy_Cloak 60 79 105 59 85 36
wormadam_sandy_cloak 60 79 105 59 85 36
Wormadam_Trash_Cloak 60 69 95 69 95 36
wormadam_trash_cloak 60 69 95 69 95 36
Mothim 70 94 94 50 50 66
mothim 70 94 94 50 50 66
Combee 30 30 30 42 42 70
combee 30 30 30 42 42 70
Vespiquen 70 80 80 102 102 40
vespiquen 70 80 80 102 102 40
Pachirisu 60 45 45 70 90 95
pachirisu 60 45 45 70 90 95
Buizel 55 65 60 35 30 85
buizel 55 65 60 35 30 85
Floatzel 85 105 85 55 50 115
floatzel 85 105 85 55 50 115
Cherubi 45 35 62 45 53 35
cherubi 45 35 62 45 53 35
Cherrim 70 60 87 70 78 85
cherrim 70 60 87 70 78 85
Shellos 76 48 57 62 58 34
shellos 76 48 57 62 58 34
Gastrodon 111 83 68 68 82 39
gastrodon 111 83 68 68 82 39
Ambipom 75 100 60 66 66 115
ambipom 75 100 60 66 66 115
Drifloon 90 50 60 34 44 70
drifloon 90 50 60 34 44 70
Drifblim 150 80 90 44 54 80
drifblim 150 80 90 44 54 80
Buneary 55 66 44 44 56 85
buneary 55 66 44 44 56 85
Lopunny 65 76 54 84 96 105
lopunny 65 76 54 84 96 105
Mismagius 60 60 105 60 105 105
mismagius 60 60 105 60 105 105
Honchkrow 100 125 105 52 52 71
honchkrow 100 125 105 52 52 71
Glameow 49 55 42 37 37 85
glameow 49 55 42 37 37 85
Purugly 71 82 64 64 59 112
purugly 71 82 64 64 59 112
Chingling 45 30 65 50 50 45
chingling 45 30 65 50 50 45
Stunky 63 63 41 47 41 74
stunky 63 63 41 47 41 74
Skuntank 103 93 71 61 61 84
skuntank 103 93 71 61 61 84
Bronzor 57 24 24 86 86 23
bronzor 57 24 24 86 86 23
Bronzong 67 89 79 116 116 33
bronzong 67 89 79 116 116 33
Bonsly 50 80 10 95 45 10
bonsly 50 80 10 95 45 10
Mime_Jr 20 25 70 45 90 60
mime_jr 20 25 70 45 90 60
Happiny 100 5 15 5 65 30
happiny 100 5 15 5 65 30
Chatot 76 65 92 45 42 91
chatot 76 65 92 45 42 91
Spiritomb 50 92 92 108 108 35
spiritomb 50 92 92 108 108 35
Gible 58 70 40 45 45 42
gible 58 70 40 45 45 42
Gabite 68 90 50 55 55 82
gabite 68 90 50 55 55 82
Garchomp 108 130 80 95 85 102
garchomp 108 130 80 95 85 102
Munchlax 135 85 40 40 85 5
munchlax 135 85 40 40 85 5
Riolu 40 70 40 40 40 60
riolu 40 70 40 40 40 60
Lucario 70 110 70 70 70 90
lucario 70 110 70 70 70 90
Hippopotas 68 72 78 42 38 32
hippopotas 68 72 78 42 38 32
Hippowdon 108 112 118 72 72 47
hippowdon 108 112 118 72 72 47
Skorupi 40 50 30 90 55 65
skorupi 40 50 30 90 55 65
Drapion 70 90 60 110 75 95
drapion 70 90 60 110 75 95
Croagunk 48 61 40 40 40 50
croagunk 48 61 40 40 40 50
Toxicroak 83 106 65 65 65 85
toxicroak 83 106 65 65 65 85
Carnivine 74 100 90 72 72 46
carnivine 74 100 90 72 72 46
Finneon 49 49 49 61 61 66
finneon 49 49 49 61 61 66
Lumineon 69 69 69 76 76 91
lumineon 69 69 69 76 76 91
Mantyke 45 20 60 50 120 50
mantyke 45 20 60 50 120 50
Snover 60 62 62 50 60 40
snover 60 62 62 50 60 40
Abomasnow 90 92 92 75 85 60
abomasnow 90 92 92 75 85 60
Weavile 70 120 45 65 85 125
weavile 70 120 45 65 85 125
Magnezone 70 70 130 115 90 60
magnezone 70 70 130 115 90 60
Lickilicky 110 85 80 95 95 50
lickilicky 110 85 80 95 95 50
Rhyperior 115 140 55 130 55 40
rhyperior 115 140 55 130 55 40
Tangrowth 100 100 110 125 50 50
tangrowth 100 100 110 125 50 50
Electivire 75 123 95 67 85 95
electivire 75 123 95 67 85 95
Magmortar 75 95 125 67 95 83
magmortar 75 95 125 67 95 83
Togekiss 85 50 120 95 115 80
togekiss 85 50 120 95 115 80
Yanmega 86 76 116 56 56 95
yanmega 86 76 116 56 56 95
Leafeon 65 110 60 130 95 65
leafeon 65 110 60 130 95 65
Glaceon 65 60 110 130 95 65
glaceon 65 60 110 130 95 65
Gliscor 75 95 45 125 75 95
gliscor 75 95 45 125 75 95
Mamoswine 110 130 70 80 60 80
mamoswine 110 130 70 80 60 80
Porygon-Z 85 80 135 70 75 90
porygon-z 85 80 135 70 75 90
Gallade 68 125 65 65 115 80
gallade 68 125 65 65 115 80
Probopass 60 55 75 145 150 40
probopass 60 55 75 145 150 40
Dusknoir 45 100 65 135 135 45
dusknoir 45 100 65 135 135 45
Froslass 70 80 80 70 70 110
froslass 70 80 80 70 70 110
Rotom 50 50 77 77 77 91
rotom 50 50 77 77 77 91
Rotom_Heat 50 65 107 105 107 86
rotom_heat 50 65 107 105 107 86
Rotom_Wash 50 65 107 105 107 86
rotom_wash 50 65 107 105 107 86
Rotom_Frost 50 65 107 105 107 86
rotom_frost 50 65 107 105 107 86
Rotom_Fan 50 65 107 105 107 86
rotom_fan 50 65 107 105 107 86
Rotom_Mow 50 65 107 105 107 86
rotom_mow 50 65 107 105 107 86
Uxie 75 75 75 130 130 95
uxie 75 75 75 130 130 95
Mesprit 80 105 105 105 105 80
mesprit 80 105 105 105 105 80
Azelf 75 125 70 70 70 115
azelf 75 125 70 70 70 115
Dialga 100 120 150 120 100 90
dialga 100 120 150 120 100 90
Palkia 90 120 150 100 120 100
palkia 90 120 150 100 120 100
Heatran 91 90 130 106 106 77
heatran 91 90 130 106 106 77
Regigigas 110 160 80 110 110 100
regigigas 110 160 80 110 110 100
Giratina_Altered_Form 150 100 100 120 120 90
giratina_altered_form 150 100 100 120 120 90
Giratina_Origin_Form 150 120 100 120 120 90
giratina_origin_form 150 120 100 120 120 90
Cresselia 120 70 75 120 130 85
cresselia 120 70 75 120 130 85
Phione 80 80 80 80 80 80
phione 80 80 80 80 80 80
Manaphy 100 100 100 100 100 100
manaphy 100 100 100 100 100 100
Darkrai 70 90 135 90 90 125
darkrai 70 90 135 90 90 125
Shaymin_Land_Form 100 100 100 100 100 100
shaymin_land_form 100 100 100 100 100 100
Shaymin_Sky_Form 100 103 75 120 75 127
shaymin_sky_form 100 103 75 120 75 127
Arceus 120 120 120 120 120 120
arceus 120 120 120 120 120 120
Victini 100 100 100 100 100 100
victini 100 100 100 100 100 100
Snivy 45 45 45 55 55 63
snivy 45 45 45 55 55 63
Servine 60 60 60 75 75 83
servine 60 60 60 75 75 83
Serperior 75 75 75 95 95 113
serperior 75 75 75 95 95 113
Tepig 65 63 45 45 45 45
tepig 65 63 45 45 45 45
Pignite 90 93 55 55 55 55
pignite 90 93 55 55 55 55
Emboar 110 123 65 65 65 65
emboar 110 123 65 65 65 65
Oshawott 55 55 45 45 45 45
oshawott 55 55 45 45 45 45
Dewott 75 75 60 60 60 60
dewott 75 75 60 60 60 60
Samurott 95 100 85 85 85 85
samurott 95 100 85 85 85 85
Patrat 45 55 35 35 35 35
patrat 45 55 35 35 35 35
Watchog 60 85 60 60 60 60
watchog 60 85 60 60 60 60
Lillipup 45 60 45 45 45 45
lillipup 45 60 45 45 45 45
Herdier 65 80 65 65 65 65
herdier 65 80 65 65 65 65
Stoutland 85 110 90 90 90 90
stoutland 85 110 90 90 90 90
Purrloin 41 50 37 37 37 66
purrloin 41 50 37 37 37 66
Liepard 64 88 50 50 50 106
liepard 64 88 50 50 50 106
Pansage 50 53 48 48 48 64
pansage 50 53 48 48 48 64
Simisage 75 98 63 63 63 101
simisage 75 98 63 63 63 101
Pansear 50 53 48 48 48 64
pansear 50 53 48 48 48 64
Simisear 75 98 63 63 63 101
simisear 75 98 63 63 63 101
Panpour 50 53 48 48 48 64
panpour 50 53 48 48 48 64
Simipour 75 98 63 63 63 101
simipour 75 98 63 63 63 101
Munna 76 25 67 67 67 24
munna 76 25 67 67 67 24
Musharna 116 55 107 107 107 29
musharna 116 55 107 107 107 29
Pidove 50 55 36 36 36 43
pidove 50 55 36 36 36 43
Tranquill 62 77 50 50 50 65
tranquill 62 77 50 50 50 65
Unfezant 80 115 65 65 65 93
unfezant 80 115 65 65 65 93
Blitzle 45 60 32 32 32 76
blitzle 45 60 32 32 32 76
Zebstrika 75 100 63 63 63 116
zebstrika 75 100 63 63 63 116
Roggenrola 55 75 25 85 25 15
roggenrola 55 75 25 85 25 15
Boldore 70 105 50 105 40 20
boldore 70 105 50 105 40 20
Gigalith 85 135 60 130 80 25
gigalith 85 135 60 130 80 25
Woobat 55 45 55 43 43 72
woobat 55 45 55 43 43 72
Swoobat 67 57 77 55 55 114
swoobat 67 57 77 55 55 114
Drilbur 60 85 30 40 45 68
drilbur 60 85 30 40 45 68
Excadrill 110 135 50 60 65 88
excadrill 110 135 50 60 65 88
Audino 103 60 60 86 86 50
audino 103 60 60 86 86 50
Timburr 75 80 55 35 35 35
timburr 75 80 55 35 35 35
Gurdurr 85 105 85 50 50 40
gurdurr 85 105 85 50 50 40
Conkeldurr 105 140 95 65 65 45
conkeldurr 105 140 95 65 65 45
Tympole 50 50 40 40 40 64
tympole 50 50 40 40 40 64
Palpitoad 75 65 55 55 55 69
palpitoad 75 65 55 55 55 69
Seismitoad 105 95 75 75 75 74
seismitoad 105 95 75 75 75 74
Throh 120 100 85 85 85 45
throh 120 100 85 85 85 45
Sawk 75 125 75 75 75 85
sawk 75 125 75 75 75 85
Sewaddle 45 53 40 50 50 42
sewaddle 45 53 40 50 50 42
Swadloon 55 63 80 80 60 42
swadloon 55 63 80 80 60 42
Leavanny 75 103 80 70 70 92
leavanny 75 103 80 70 70 92
Venipede 30 45 59 39 39 57
venipede 30 45 59 39 39 57
Whirlipede 40 55 99 79 79 47
whirlipede 40 55 99 79 79 47
Scolipede 60 100 89 69 69 112
scolipede 60 100 89 69 69 112
Cottonee 40 27 37 60 50 66
cottonee 40 27 37 60 50 66
Whimsicott 60 67 77 85 75 116
whimsicott 60 67 77 85 75 116
Petilil 45 35 50 55 70 30
petilil 45 35 50 55 70 30
Lilligant 70 60 75 75 100 90
lilligant 70 60 75 75 100 90
Basculin 70 92 80 65 55 98
basculin 70 92 80 65 55 98
Basculin_Red_Striped 70 92 65 80 55 98
basculin_red_striped 70 92 65 80 55 98
Basculin_Blue_Striped 70 92 65 80 55 98
basculin_blue_striped 70 92 65 80 55 98
Basculin_White_Striped 70 92 65 80 55 98
basculin_white_striped 70 92 65 80 55 98
Sandile 50 72 35 35 35 65
sandile 50 72 35 35 35 65
Krokorok 60 82 45 45 45 74
krokorok 60 82 45 45 45 74
Krookodile 95 117 65 80 70 92
krookodile 95 117 65 80 70 92
Darumaka 70 90 15 45 45 50
darumaka 70 90 15 45 45 50
Darumaka_Galarian_Mode 70 90 45 15 45 50
darumaka_galarian_mode 70 90 45 15 45 50
Darmanitan_Standard_Mode 105 140 30 55 55 95
darmanitan_standard_mode 105 140 30 55 55 95
Darmanitan_Zen_Mode 105 30 105 140 105 55
darmanitan_zen_mode 105 30 105 140 105 55
Darmanitan_Galarian_Standard_Mode 105 140 55 30 55 95
darmanitan_galarian_standard_mode 105 140 55 30 55 95
Darmanitan_Galarian_Zen_Mode 105 160 55 30 55 135
darmanitan_galarian_zen_mode 105 160 55 30 55 135
Maractus 75 86 106 67 67 60
maractus 75 86 106 67 67 60
Dwebble 50 65 35 85 35 55
dwebble 50 65 35 85 35 55
Crustle 70 105 65 125 75 45
crustle 70 105 65 125 75 45
Scraggy 50 75 35 70 70 48
scraggy 50 75 35 70 70 48
Scrafty 65 90 45 115 115 58
scrafty 65 90 45 115 115 58
Sigilyph 72 58 103 80 80 97
sigilyph 72 58 103 80 80 97
Yamask 38 30 55 65 55 30
yamask 38 30 55 65 55 30
Cofagrigus 58 50 95 145 105 30
cofagrigus 58 50 95 145 105 30
Tirtouga 54 78 53 72 50 39
tirtouga 54 78 53 72 50 39
Carracosta 74 108 83 133 65 32
carracosta 74 108 83 133 65 32
Archen 55 112 74 45 45 70
archen 55 112 74 45 45 70
Archeops 75 140 112 65 65 110
archeops 75 140 112 65 65 110
Trubbish 50 50 40 62 62 65
trubbish 50 50 40 62 62 65
Garbodor 80 95 60 82 82 75
garbodor 80 95 60 82 82 75
Zorua 40 65 80 40 40 65
zorua 40 65 80 40 40 65
Zoroark 60 105 120 60 60 105
zoroark 60 105 120 60 60 105
Minccino 55 50 40 40 40 75
minccino 55 50 40 40 40 75
Cinccino 75 95 65 60 60 115
cinccino 75 95 65 60 60 115
Gothita 45 30 50 45 65 45
gothita 45 30 50 45 65 45
Gothorita 60 45 70 70 85 55
gothorita 60 45 70 70 85 55
Gothitelle 70 55 95 95 110 65
gothitelle 70 55 95 95 110 65
Solosis 45 30 105 40 50 20
solosis 45 30 105 40 50 20
Duosion 65 40 125 50 60 30
duosion 65 40 125 50 60 30
Reuniclus 110 65 125 75 85 30
reuniclus 110 65 125 75 85 30
Ducklett 62 44 44 50 50 55
ducklett 62 44 44 50 50 55
Swanna 75 87 63 63 63 98
swanna 75 87 63 63 63 98
Vanillite 36 50 65 50 60 44
vanillite 36 50 65 50 60 44
Vanillish 51 65 80 65 75 59
vanillish 51 65 80 65 75 59
Vanilluxe 71 95 110 95 85 79
vanilluxe 71 95 110 95 85 79
Deerling 60 60 50 50 50 75
deerling 60 60 50 50 50 75
Sawsbuck 80 100 70 70 70 95
sawsbuck 80 100 70 70 70 95
Emolga 55 75 75 60 60 103
emolga 55 75 75 60 60 103
Karrablast 50 75 45 45 45 60
karrablast 50 75 45 45 45 60
Escavalier 70 135 60 105 105 20
escavalier 70 135 60 105 105 20
Foongus 69 55 55 45 55 15
foongus 69 55 55 45 55 15
Amoonguss 114 85 85 70 80 30
amoonguss 114 85 85 70 80 30
Frillish 55 40 65 85 55 40
frillish 55 40 65 85 55 40
Jellicent 100 60 85 105 75 60
jellicent 100 60 85 105 75 60
Alomomola 165 75 40 80 45 65
alomomola 165 75 40 80 45 65
Joltik 50 47 57 50 50 65
joltik 50 47 57 50 50 65
Galvantula 70 77 97 60 60 108
galvantula 70 77 97 60 60 108
Ferroseed 44 50 24 91 86 10
ferroseed 44 50 24 91 86 10
Ferrothorn 74 94 54 131 116 20
ferrothorn 74 94 54 131 116 20
Klink 40 55 45 60 70 30
klink 40 55 45 60 70 30
Klang 60 80 70 85 95 50
klang 60 80 70 85 95 50
Klinklang 60 100 70 100 85 90
klinklang 60 100 70 100 85 90
Tynamo 35 55 40 40 40 60
tynamo 35 55 40 40 40 60
Eelektrik 65 85 70 70 70 40
eelektrik 65 85 70 70 70 40
Eelektross 85 115 80 80 80 50
eelektross 85 115 80 80 80 50
Elgyem 55 55 85 55 55 30
elgyem 55 55 85 55 55 30
Beheeyem 75 75 125 75 95 40
beheeyem 75 75 125 75 95 40
Litwick 50 30 65 55 55 20
litwick 50 30 65 55 55 20
Lampent 60 40 95 60 60 55
lampent 60 40 95 60 60 55
Chandelure 60 55 145 90 90 80
chandelure 60 55 145 90 90 80
Axew 46 87 60 60 40 57
axew 46 87 60 60 40 57
Fraxure 66 117 40 70 50 67
fraxure 66 117 40 70 50 67
Haxorus 76 147 60 90 70 97
haxorus 76 147 60 90 70 97
Cubchoo 55 70 40 40 40 40
cubchoo 55 70 40 40 40 40
Beartic 95 130 80 80 80 50
beartic 95 130 80 80 80 50
Cryogonal 70 50 95 30 135 105
cryogonal 70 50 95 30 135 105
Shelmet 50 40 40 65 40 25
shelmet 50 40 40 65 40 25
Accelgor 80 70 40 60 60 145
accelgor 80 70 40 60 60 145
Stunfisk 109 66 84 81 99 32
stunfisk 109 66 84 81 99 32
Mienfoo 45 85 50 50 50 65
mienfoo 45 85 50 50 50 65
Mienshao 65 125 60 60 60 105
mienshao 65 125 60 60 60 105
Druddigon 77 120 60 90 90 48
druddigon 77 120 60 90 90 48
Golett 59 74 50 50 50 35
golett 59 74 50 50 50 35
Golurk 89 124 80 80 80 55
golurk 89 124 80 80 80 55
Pawniard 45 85 40 70 40 60
pawniard 45 85 40 70 40 60
Bisharp 65 125 60 100 60 70
bisharp 65 125 60 100 60 70
Bouffalant 95 110 40 95 95 55
bouffalant 95 110 40 95 95 55
Rufflet 70 83 50 50 50 60
rufflet 70 83 50 50 50 60
Braviary 100 123 75 75 75 80
braviary 100 123 75 75 75 80
Vullaby 70 55 45 75 65 60
vullaby 70 55 45 75 65 60
Mandibuzz 110 65 55 105 95 80
mandibuzz 110 65 55 105 95 80
Heatmor 85 97 105 66 66 65
heatmor 85 97 105 66 66 65
Durant 58 109 48 112 48 109
durant 58 109 48 112 48 109
Deino 52 65 45 50 50 38
deino 52 65 45 50 50 38
Zweilous 72 85 70 70 70 58
zweilous 72 85 70 70 70 58
Hydreigon 92 105 125 90 90 98
hydreigon 92 105 125 90 90 98
Larvesta 55 85 50 55 55 60
larvesta 55 85 50 55 55 60
Volcarona 85 60 135 65 105 100
volcarona 85 60 135 65 105 100
Cobalion 91 90 90 129 72 108
cobalion 91 90 90 129 72 108
Terrakion 91 129 90 90 72 108
terrakion 91 129 90 90 72 108
Virizion 91 90 72 129 90 108
virizion 91 90 72 129 90 108
Tornadus_Incarnate_Form 79 115 125 70 80 111
tornadus_incarnate_form 79 115 125 70 80 111
Tornadus_Therian_Form 79 100 80 110 90 121
tornadus_therian_form 79 100 80 110 90 121
Thundurus_Incarnate_Form 79 115 125 70 80 111
thundurus_incarnate_form 79 115 125 70 80 111
Thundurus_Therian_Form 79 105 70 145 80 101
thundurus_therian_form 79 105 70 145 80 101
Reshiram 100 120 150 100 120 90
reshiram 100 120 150 100 120 90
Zekrom 100 150 120 120 100 90
zekrom 100 150 120 120 100 90
Landorus_Incarnate_Form 89 125 115 80 80 101
landorus_incarnate_form 89 125 115 80 80 101
Landorus_Therian_Form 89 145 90 105 80 91
landorus_therian_form 89 145 90 105 80 91
Kyurem 125 130 130 90 90 95
kyurem 125 130 130 90 90 95
Kyurem_Normal 125 130 90 130 90 95
kyurem_normal 125 130 90 130 90 95
Kyurem_Black 125 170 100 120 90 95
kyurem_black 125 170 100 120 90 95
Kyurem_White 125 120 90 170 100 95
kyurem_white 125 120 90 170 100 95
Keldeo_Ordinary_Form 91 72 129 90 90 108
keldeo_ordinary_form 91 72 129 90 90 108
Keldeo_Resolute_Form 91 72 129 90 90 108
keldeo_resolute_form 91 72 129 90 90 108
Meloetta_Aria_Form 100 77 128 90 77 128
meloetta_aria_form 100 77 128 90 77 128
Meloetta_Pirouette_Form 100 128 90 77 77 128
meloetta_pirouette_form 100 128 90 77 77 128
Genesect 71 120 120 95 95 99
genesect 71 120 120 95 95 99
Chespin 56 61 48 65 45 38
chespin 56 61 48 65 45 38
Quilladin 61 78 65 75 58 57
quilladin 61 78 65 75 58 57
Chesnaught 88 107 74 122 75 64
chesnaught 88 107 74 122 75 64
Fennekin 40 45 62 40 60 60
fennekin 40 45 62 40 60 60
Braixen 59 59 90 58 70 73
braixen 59 59 90 58 70 73
Delphox 75 69 114 72 100 104
delphox 75 69 114 72 100 104
Froakie 41 56 62 40 44 71
froakie 41 56 62 40 44 71
Frogadier 54 63 83 52 56 97
frogadier 54 63 83 52 56 97
Greninja 72 95 103 67 71 122
greninja 72 95 103 67 71 122
Bunnelby 38 36 32 38 36 57
bunnelby 38 36 32 38 36 57
Diggersby 85 56 50 77 77 78
diggersby 85 56 50 77 77 78
Fletchling 45 50 40 38 38 62
fletchling 45 50 40 38 38 62
Fletchinder 62 73 55 55 52 84
fletchinder 62 73 55 55 52 84
Talonflame 78 81 74 71 69 126
talonflame 78 81 74 71 69 126
Scatterbug 38 35 40 35 35 35
scatterbug 38 35 40 35 35 35
Spewpa 45 22 60 50 50 29
spewpa 45 22 60 50 50 29
Vivillon 80 52 90 50 50 89
vivillon 80 52 90 50 50 89
Litleo 62 50 73 58 54 72
litleo 62 50 73 58 54 72
Pyroar 86 68 109 72 66 106
pyroar 86 68 109 72 66 106
Flabebe 44 38 79 39 79 42
flabebe 44 38 79 39 79 42
Floette 54 45 98 52 98 52
floette 54 45 98 52 98 52
Florges 78 65 112 68 154 75
florges 78 65 112 68 154 75
Skiddo 66 65 48 62 57 52
skiddo 66 65 48 62 57 52
Gogoat 123 100 62 81 81 68
gogoat 123 100 62 81 81 68
Pancham 67 82 46 62 48 43
pancham 67 82 46 62 48 43
Pangoro 95 124 69 78 71 58
pangoro 95 124 69 78 71 58
Furfrou 75 80 60 60 90 102
furfrou 75 80 60 60 90 102
Espurr 62 48 63 50 60 68
espurr 62 48 63 50 60 68
Meowstic_Male 74 48 83 76 81 104
meowstic_male 74 48 83 76 81 104
Meowstic_Female 74 48 83 76 81 104
meowstic_female 74 48 83 76 81 104
Honedge 45 80 35 100 37 28
honedge 45 80 35 100 37 28
Doublade 59 110 45 150 49 35
doublade 59 110 45 150 49 35
Aegislash_Shield_Forme 60 50 50 140 140 60
aegislash_shield_forme 60 50 50 140 140 60
Aegislash_Blade_Forme 60 150 50 150 50 60
aegislash_blade_forme 60 150 50 150 50 60
Spritzee 78 52 63 65 65 23
spritzee 78 52 63 65 65 23
Aromatisse 101 72 99 72 89 29
aromatisse 101 72 99 72 89 29
Swirlix 62 48 66 50 57 49
swirlix 62 48 66 50 57 49
Slurpuff 82 80 85 86 75 72
slurpuff 82 80 85 86 75 72
Inkay 53 54 37 46 37 45
inkay 53 54 37 46 37 45
Malamar 86 92 68 88 75 73
malamar 86 92 68 88 75 73
Binacle 42 52 39 67 56 50
binacle 42 52 39 67 56 50
Barbaracle 72 105 54 105 86 68
barbaracle 72 105 54 105 86 68
Skrelp 50 60 60 60 60 30
skrelp 50 60 60 60 60 30
Dragalge 65 75 97 90 123 44
dragalge 65 75 97 90 123 44
Clauncher 50 53 62 58 63 44
clauncher 50 53 62 58 63 44
Clawitzer 71 73 120 99 89 59
clawitzer 71 73 120 99 89 59
Helioptile 44 38 61 33 43 70
helioptile 44 38 61 33 43 70
Heliolisk 62 55 109 52 94 109
heliolisk 62 55 109 52 94 109
Tyrunt 58 89 45 77 45 48
tyrunt 58 89 45 77 45 48
Tyrantrum 82 121 59 119 59 71
tyrantrum 82 121 59 119 59 71
Amaura 77 59 67 63 65 46
amaura 77 59 67 63 65 46
Aurorus 123 77 99 92 91 58
aurorus 123 77 99 92 91 58
Sylveon 95 65 110 60 130 65
sylveon 95 65 110 60 130 65
Hawlucha 78 92 74 75 63 118
hawlucha 78 92 74 75 63 118
Dedenne 67 58 81 67 81 101
dedenne 67 58 81 67 81 101
Carbink 50 50 50 150 150 50
carbink 50 50 50 150 150 50
Goomy 45 50 55 45 75 40
goomy 45 50 55 45 75 40
Sliggoo 68 75 83 53 113 60
sliggoo 68 75 83 53 113 60
Goodra 90 100 70 110 150 80
goodra 90 100 70 110 150 80
Klefki 57 80 80 91 87 75
klefki 57 80 80 91 87 75
Phantump 43 70 48 50 60 38
phantump 43 70 48 50 60 38
Trevenant 85 110 76 82 75 56
trevenant 85 110 76 82 75 56
Pumpkaboo_Small_Size 44 66 70 44 55 56
pumpkaboo_small_size 44 66 70 44 55 56
Pumpkaboo_Average_Size 49 66 70 44 55 51
pumpkaboo_average_size 49 66 70 44 55 51
Pumpkaboo_Large_Size 54 66 70 44 55 46
pumpkaboo_large_size 54 66 70 44 55 46
Pumpkaboo_Super_Size 59 66 70 44 55 41
pumpkaboo_super_size 59 66 70 44 55 41
Gourgeist_Small_Size 55 85 122 58 75 99
gourgeist_small_size 55 85 122 58 75 99
Gourgeist_Average_Size 65 90 122 58 75 84
gourgeist_average_size 65 90 122 58 75 84
Gourgeist_Large_Size 75 95 122 58 75 69
gourgeist_large_size 75 95 122 58 75 69
Gourgeist_Super_Size 85 100 122 58 75 54
gourgeist_super_size 85 100 122 58 75 54
Bergmite 55 69 85 32 35 28
bergmite 55 69 85 32 35 28
Avalugg 95 117 184 44 46 28
avalugg 95 117 184 44 46 28
Noibat 40 30 45 40 35 55
noibat 40 30 45 40 35 55
Noivern 85 70 97 80 80 123
noivern 85 70 97 80 80 123
Xerneas 126 131 95 98 98 99
xerneas 126 131 95 98 98 99
Xerneas_Active_Form 126 131 95 98 98 99
xerneas_active_form 126 131 95 98 98 99
Xerneas_Inactive_Form 126 131 95 98 98 99
xerneas_inactive_form 126 131 95 98 98 99
Yveltal 126 131 95 98 98 99
yveltal 126 131 95 98 98 99
Zygarde_Cell_Form 108 100 121 91 95 85
zygarde_cell_form 108 100 121 91 95 85
Zygarde_10_Form 54 100 71 61 85 115
zygarde_10_form 54 100 71 61 85 115
Zygarde_50_Form 108 100 121 81 95 95
zygarde_50_form 108 100 121 81 95 95
Zygarde_Complete_Form 216 100 121 91 95 85
zygarde_complete_form 216 100 121 91 95 85
Diancie 50 100 100 150 150 50
diancie 50 100 100 150 150 50
Hoopa_Confined 80 110 100 60 150 70
hoopa_confined 80 110 100 60 150 70
Hoopa_Unbound 80 160 60 170 130 80
hoopa_unbound 80 160 60 170 130 80
Volcanion 80 110 130 120 90 70
volcanion 80 110 130 120 90 70
Rowlet 68 55 50 55 50 42
rowlet 68 55 50 55 50 42
Dartrix 78 75 70 75 70 52
dartrix 78 75 70 75 70 52
Decidueye 78 107 100 70 100 73
decidueye 78 107 100 70 100 73
Litten 45 65 40 60 40 70
litten 45 65 40 60 40 70
Torracat 65 85 50 80 50 90
torracat 65 85 50 80 50 90
Incineroar 95 115 90 80 90 60
incineroar 95 115 90 80 90 60
Popplio 50 54 54 66 56 40
popplio 50 54 54 66 56 40
Brionne 60 69 69 91 81 50
brionne 60 69 69 91 81 50
Primarina 80 74 74 126 116 60
primarina 80 74 74 126 116 60
Pikipek 35 75 30 30 30 65
pikipek 35 75 30 30 30 65
Trumbeak 55 85 50 40 50 75
trumbeak 55 85 50 40 50 75
Toucannon 80 120 75 75 75 60
toucannon 80 120 75 75 75 60
Yungoos 48 70 30 30 30 45
yungoos 48 70 30 30 30 45
Gumshoos 88 110 60 60 60 45
gumshoos 88 110 60 60 60 45
Grubbin 47 62 45 55 45 46
grubbin 47 62 45 55 45 46
Charjabug 57 82 95 55 75 36
charjabug 57 82 95 55 75 36
Vikavolt 77 70 145 90 75 43
vikavolt 77 70 145 90 75 43
Crabrawler 47 82 57 47 47 63
crabrawler 47 82 57 47 47 63
Crabominable 97 132 77 62 67 43
crabominable 97 132 77 62 67 43
Oricorio_Baile_Style 75 70 98 70 98 93
oricorio_baile_style 75 70 98 70 98 93
Oricorio_Pom-Pom_Style 75 70 70 98 70 93
oricorio_pom-pom_style 75 70 70 98 70 93
Oricorio_Pa_u_Style 75 70 70 98 70 93
oricorio_pa_u_style 75 70 70 98 70 93
Oricorio_Sensu_Style 75 70 70 98 70 93
oricorio_sensu_style 75 70 70 98 70 93
Cutiefly 40 45 55 40 55 84
cutiefly 40 45 55 40 55 84
Ribombee 60 55 95 60 70 124
ribombee 60 55 95 60 70 124
Rockruff 45 65 40 30 40 60
rockruff 45 65 40 30 40 60
Lycanroc_Midday_Form 75 115 65 55 65 112
lycanroc_midday_form 75 115 65 55 65 112
Lycanroc_Midnight_Form 85 115 75 55 75 82
lycanroc_midnight_form 85 115 75 55 75 82
Lycanroc_Dusk_Form 75 117 65 55 65 110
lycanroc_dusk_form 75 117 65 55 65 110
Wishiwashi_Solo_Form 45 20 20 25 25 40
wishiwashi_solo_form 45 20 20 25 25 40
Wishiwashi_School_Form 45 140 130 140 135 30
wishiwashi_school_form 45 140 130 140 135 30
Wishiwashi_Pack_Form 45 140 130 140 135 30
wishiwashi_pack_form 45 140 130 140 135 30
Mareanie 50 53 62 43 52 45
mareanie 50 53 62 43 52 45
Toxapex 50 63 152 53 142 35
toxapex 50 63 152 53 142 35
Mudbray 70 100 70 45 55 45
mudbray 70 100 70 45 55 45
Mudsdale 100 125 100 55 85 35
mudsdale 100 125 100 55 85 35
Dewpider 38 40 40 52 72 27
dewpider 38 40 40 52 72 27
Araquanid 68 70 92 132 152 42
araquanid 68 70 92 132 152 42
Fomantis 40 55 35 50 35 35
fomantis 40 55 35 50 35 35
Lurantis 70 105 90 80 90 45
lurantis 70 105 90 80 90 45
Morelull 40 35 65 50 75 15
morelull 40 35 65 50 75 15
Shiinotic 60 45 80 90 100 30
shiinotic 60 45 80 90 100 30
Salandit 48 44 71 40 40 77
salandit 48 44 71 40 40 77
Salazzle 68 64 111 60 60 117
salazzle 68 64 111 60 60 117
Stufful 70 75 50 50 50 50
stufful 70 75 50 50 50 50
Bewear 120 125 55 60 60 60
bewear 120 125 55 60 60 60
Bounsweet 42 30 38 30 38 32
bounsweet 42 30 38 30 38 32
Steenee 52 40 48 40 48 62
steenee 52 40 48 40 48 62
Tsareena 72 120 98 50 98 72
tsareena 72 120 98 50 98 72
Comfey 51 52 90 82 110 100
comfey 51 52 90 82 110 100
Oranguru 90 60 90 90 110 60
oranguru 90 60 90 90 110 60
Passimian 100 120 90 40 60 80
passimian 100 120 90 40 60 80
Wimpod 25 35 40 30 30 80
wimpod 25 35 40 30 30 80
Golisopod 75 125 140 60 90 40
golisopod 75 125 140 60 90 40
Sandygast 55 55 70 45 70 15
sandygast 55 55 70 45 70 15
Palossand 85 75 110 100 75 35
palossand 85 75 110 100 75 35
Pyukumuku 55 60 130 30 130 5
pyukumuku 55 60 130 30 130 5
Type_Null 95 95 95 95 95 59
type_null 95 95 95 95 95 59
Silvally 95 95 95 95 95 95
silvally 95 95 95 95 95 95
Silvally_Fighting 95 95 95 95 95 95
silvally_fighting 95 95 95 95 95 95
Silvally_Flying 95 95 95 95 95 95
silvally_flying 95 95 95 95 95 95
Silvally_Psychic 95 95 95 95 95 95
silvally_psychic 95 95 95 95 95 95
Silvally_Poison 95 95 95 95 95 95
silvally_poison 95 95 95 95 95 95
Silvally_Bug 95 95 95 95 95 95
silvally_bug 95 95 95 95 95 95
Silvally_Fire 95 95 95 95 95 95
silvally_fire 95 95 95 95 95 95
Silvally_Ice 95 95 95 95 95 95
silvally_ice 95 95 95 95 95 95
Silvally_Dragon 95 95 95 95 95 95
silvally_dragon 95 95 95 95 95 95
Silvally_Dark 95 95 95 95 95 95
silvally_dark 95 95 95 95 95 95
Silvally_Fairy 95 95 95 95 95 95
silvally_fairy 95 95 95 95 95 95
Silvally_Ground 95 95 95 95 95 95
silvally_ground 95 95 95 95 95 95
Silvally_Rock 95 95 95 95 95 95
silvally_rock 95 95 95 95 95 95
Silvally_Steel 95 95 95 95 95 95
silvally_steel 95 95 95 95 95 95
Silvally_Water 95 95 95 95 95 95
silvally_water 95 95 95 95 95 95
Minior_Meteor_Form 60 60 100 60 100 60
minior_meteor_form 60 60 100 60 100 60
Minior_Core_Form 60 100 60 100 60 120
minior_core_form 60 100 60 100 60 120
Komala 65 115 65 65 95 65
komala 65 115 65 65 95 65
Turtonator 60 78 135 91 85 36
turtonator 60 78 135 91 85 36
Togedemaru 65 98 63 73 73 96
togedemaru 65 98 63 73 73 96
Mimikyu 55 90 80 50 105 96
mimikyu 55 90 80 50 105 96
Mimikyu_Disguised_Form 55 90 80 50 105 96
mimikyu_disguised_form 55 90 80 50 105 96
Mimikyu_Busted_Form 55 90 80 50 105 96
mimikyu_busted_form 55 90 80 50 105 96
Bruxish 68 105 70 70 70 92
bruxish 68 105 70 70 70 92
Drampa 78 60 85 135 91 36
drampa 78 60 85 135 91 36
Dhelmise 70 131 100 90 90 40
dhelmise 70 131 100 90 90 40
Jangmo_o 45 55 65 45 45 45
jangmo_o 45 55 65 45 45 45
Hakamo_o 55 75 90 65 70 65
hakamo_o 55 75 90 65 70 65
Kommo_o 75 110 125 100 105 85
kommo_o 75 110 125 100 105 85
Tapu_Koko 70 115 85 75 85 130
tapu_koko 70 115 85 75 85 130
Tapu_Lele 70 85 75 130 115 95
tapu_lele 70 85 75 130 115 95
Tapu_Bulu 70 130 115 85 95 75
tapu_bulu 70 130 115 85 95 75
Tapu_Fini 70 75 115 95 130 85
tapu_fini 70 75 115 95 130 85
Cosmog 43 29 31 29 31 37
cosmog 43 29 31 29 31 37
Cosmoem 43 29 131 29 131 37
cosmoem 43 29 131 29 131 37
Solgaleo 137 137 107 113 89 97
solgaleo 137 137 107 113 89 97
Lunala 137 113 89 137 107 97
lunala 137 113 89 137 107 97
Nihilego 109 53 47 127 131 103
nihilego 109 53 47 127 131 103
Buzzwole 107 139 139 53 53 79
buzzwole 107 139 139 53 53 79
Pheromosa 71 137 37 137 37 151
pheromosa 71 137 37 137 37 151
Xurkitree 83 89 71 173 71 83
xurkitree 83 89 71 173 71 83
Celesteela 97 101 103 107 101 61
celesteela 97 101 103 107 101 61
Kartana 59 181 131 59 31 109
kartana 59 181 131 59 31 109
Guzzlord 223 101 53 97 53 43
guzzlord 223 101 53 97 53 43
Necrozma 97 107 101 127 89 79
necrozma 97 107 101 127 89 79
Magearna 80 95 115 115 115 65
magearna 80 95 115 115 115 65
Magearna_Original_Color 80 95 115 130 115 65
magearna_original_color 80 95 115 130 115 65
Marshadow 90 125 80 90 90 125
marshadow 90 125 80 90 90 125
Poipole 67 73 67 73 67 73
poipole 67 73 67 73 67 73
Naganadel 73 73 73 127 73 121
naganadel 73 73 73 127 73 121
Stakataka 61 131 211 53 101 13
stakataka 61 131 211 53 101 13
Blacephalon 53 127 53 151 79 107
blacephalon 53 127 53 151 79 107
Zeraora 88 112 75 102 80 143
zeraora 88 112 75 102 80 143
Meltan 46 65 65 55 35 34
meltan 46 65 65 55 35 34
Melmetal 135 143 143 80 65 34
melmetal 135 143 143 80 65 34
Grookey 50 65 50 40 40 65
grookey 50 65 50 40 40 65
Thwackey 70 85 70 55 60 80
thwackey 70 85 70 55 60 80
Rillaboom 100 125 90 60 70 85
rillaboom 100 125 90 60 70 85
Scorbunny 50 71 40 40 40 69
scorbunny 50 71 40 40 40 69
Raboot 65 86 60 55 60 94
raboot 65 86 60 55 60 94
Cinderace 80 116 75 65 75 119
cinderace 80 116 75 65 75 119
Sobble 50 40 40 40 40 70
sobble 50 40 40 40 40 70
Drizzile 65 60 55 95 55 90
drizzile 65 60 55 95 55 90
Inteleon 70 85 65 125 65 120
inteleon 70 85 65 125 65 120
Skwovet 70 55 55 35 35 25
skwovet 70 55 55 35 35 25
Greedent 120 95 95 55 75 20
greedent 120 95 95 55 75 20
Rookidee 38 47 35 33 35 57
rookidee 38 47 35 33 35 57
Corvisquire 68 67 55 43 55 77
corvisquire 68 67 55 43 55 77
Corviknight 98 87 105 53 85 67
corviknight 98 87 105 53 85 67
Blipbug 25 20 20 25 45 45
blipbug 25 20 20 25 45 45
Dottler 50 35 80 50 90 30
dottler 50 35 80 50 90 30
Orbeetle 60 45 110 80 120 90
orbeetle 60 45 110 80 120 90
Nickit 40 28 28 28 47 50
nickit 40 28 28 28 47 50
Thievul 70 58 58 58 87 90
thievul 70 58 58 58 87 90
Gossifleur 40 40 60 40 60 10
gossifleur 40 40 60 40 60 10
Eldegoss 60 50 90 50 120 60
eldegoss 60 50 90 50 120 60
Wooloo 42 40 55 40 45 48
wooloo 42 40 55 40 45 48
Dubwool 72 80 100 60 90 88
dubwool 72 80 100 60 90 88
Chewtle 50 64 50 50 50 44
chewtle 50 64 50 50 50 44
Drednaw 90 115 90 48 68 74
drednaw 90 115 90 48 68 74
Yamper 59 45 50 40 50 26
yamper 59 45 50 40 50 26
Boltund 69 90 60 90 60 121
boltund 69 90 60 90 60 121
Rolycoly 30 40 50 40 50 30
rolycoly 30 40 50 40 50 30
Carkol 80 60 90 60 70 50
carkol 80 60 90 60 70 50
Coalossal 110 80 120 80 90 30
coalossal 110 80 120 80 90 30
Applin 40 40 40 40 40 20
applin 40 40 40 40 40 20
Flapple 70 110 80 95 60 70
flapple 70 110 80 95 60 70
Appletun 110 85 80 100 80 30
appletun 110 85 80 100 80 30
Silicobra 52 57 75 35 50 46
silicobra 52 57 75 35 50 46
Sandaconda 72 107 125 65 70 71
sandaconda 72 107 125 65 70 71
Cramorant 70 85 55 95 85 85
cramorant 70 85 55 95 85 85
Arrokuda 41 63 40 40 30 66
arrokuda 41 63 40 40 30 66
Barraskewda 61 123 60 60 50 136
barraskewda 61 123 60 60 50 136
Toxel 40 38 35 54 35 40
toxel 40 38 35 54 35 40
Toxtricity_Amped_Form 75 98 70 114 70 75
toxtricity_amped_form 75 98 70 114 70 75
Toxtricity_Low_Key_Form 75 98 70 114 70 75
toxtricity_low_key_form 75 98 70 114 70 75
Sizzlipede 50 65 45 50 50 45
sizzlipede 50 65 45 50 50 45
Centiskorch 100 115 65 90 90 65
centiskorch 100 115 65 90 90 65
Clobbopus 50 68 60 50 50 32
clobbopus 50 68 60 50 50 32
Grapploct 80 118 90 70 80 42
grapploct 80 118 90 70 80 42
Sinistea 40 45 45 74 54 50
sinistea 40 45 45 74 54 50
Polteageist 60 65 65 134 114 70
polteageist 60 65 65 134 114 70
Hatenna 42 30 45 56 53 39
hatenna 42 30 45 56 53 39
Hattrem 57 40 65 86 73 49
hattrem 57 40 65 86 73 49
Hatterene 57 90 95 136 103 29
hatterene 57 90 95 136 103 29
Impidimp 45 45 30 55 40 50
impidimp 45 45 30 55 40 50
Morgrem 65 60 45 75 55 70
morgrem 65 60 45 75 55 70
Grimmsnarl 95 120 65 95 75 60
grimmsnarl 95 120 65 95 75 60
Obstagoon 93 90 101 60 81 95
obstagoon 93 90 101 60 81 95
Perrserker 70 110 100 50 60 50
perrserker 70 110 100 50 60 50
Cursola 60 95 50 145 130 30
cursola 60 95 50 145 130 30
Sirfetchd 62 135 95 68 82 65
sirfetchd 62 135 95 68 82 65
Mr_Rime 80 85 75 110 100 70
mr_rime 80 85 75 110 100 70
Runerigus 58 95 145 50 105 30
runerigus 58 95 145 50 105 30
Milcery 45 40 40 50 61 34
milcery 45 40 40 50 61 34
Alcremie 65 60 75 110 121 64
alcremie 65 60 75 110 121 64
Falinks 65 100 100 70 60 75
falinks 65 100 100 70 60 75
Pincurchin 48 101 95 91 85 15
pincurchin 48 101 95 91 85 15
Snom 30 25 35 45 30 20
snom 30 25 35 45 30 20
Frosmoth 70 65 60 125 90 65
frosmoth 70 65 60 125 90 65
Stonejourner 100 125 135 20 20 70
stonejourner 100 125 135 20 20 70
Eiscue_Ice_Face 75 80 110 65 90 50
eiscue_ice_face 75 80 110 65 90 50
Eiscue_No_Ice 75 80 70 65 50 130
eiscue_no_ice 75 80 70 65 50 130
Indeedee_Male 60 65 105 105 55 95
indeedee_male 60 65 105 105 55 95
Indeedee_Female 70 55 95 95 105 85
indeedee_female 70 55 95 95 105 85
Morpeko 58 95 58 70 58 97
morpeko 58 95 58 70 58 97
Morpeko_Full_Belly_Mode 58 95 58 70 58 97
morpeko_full_belly_mode 58 95 58 70 58 97
Morpeko_Hangry_Mode 58 95 58 70 58 97
morpeko_hangry_mode 58 95 58 70 58 97
Cufant 72 80 49 40 49 40
cufant 72 80 49 40 49 40
Copperajah 122 130 69 80 69 30
copperajah 122 130 69 80 69 30
Dracozolt 90 100 80 90 70 75
dracozolt 90 100 80 90 70 75
Arctozolt 90 100 90 90 80 55
arctozolt 90 100 90 90 80 55
Dracovish 90 90 100 70 80 75
dracovish 90 90 100 70 80 75
Arctovish 90 90 100 80 90 55
arctovish 90 90 100 80 90 55
Duraludon 70 95 115 120 50 85
duraludon 70 95 115 120 50 85
Dreepy 28 60 30 40 30 82
dreepy 28 60 30 40 30 82
Drakloak 68 80 50 60 50 102
drakloak 68 80 50 60 50 102
Dragapult 88 120 75 100 75 142
dragapult 88 120 75 100 75 142
Zacian_Hero_Of_Many_Battles 92 130 115 80 115 138
zacian_hero_of_many_battles 92 130 115 80 115 138
Zacian_Crowned_Sword 92 170 115 80 115 148
zacian_crowned_sword 92 170 115 80 115 148
Zamazenta_Hero_Of_Many_Battles 92 130 115 80 115 138
zamazenta_hero_of_many_battles 92 130 115 80 115 138
Zamazenta_Crowned_Shield 92 130 145 80 145 128
zamazenta_crowned_shield 92 130 145 80 145 128
Eternatus 140 85 95 145 95 130
eternatus 140 85 95 145 95 130
Kubfu 60 90 60 53 50 72
kubfu 60 90 60 53 50 72
Urshifu_Single_Strike_Style 100 130 100 63 60 97
urshifu_single_strike_style 100 130 100 63 60 97
Urshifu_Rapid_Strike_Style 100 130 100 63 60 97
urshifu_rapid_strike_style 100 130 100 63 60 97
Zarude 105 120 105 70 95 105
zarude 105 120 105 70 95 105
Regieleki 80 100 50 100 50 200
regieleki 80 100 50 100 50 200
Regidrago 200 100 50 100 50 80
regidrago 200 100 50 100 50 80
Glastrier 100 145 130 65 110 30
glastrier 100 145 130 65 110 30
Spectrier 100 65 60 145 80 130
spectrier 100 65 60 145 80 130
Calyrex 100 80 80 80 80 80
calyrex 100 80 80 80 80 80
Calyrex_Ice_Rider 100 165 150 85 130 50
calyrex_ice_rider 100 165 150 85 130 50
Calyrex_Shadow_Rider 100 85 80 165 100 150
calyrex_shadow_rider 100 85 80 165 100 150
Wyrdeer 103 105 72 105 75 65
wyrdeer 103 105 72 105 75 65
Kleavor 70 135 95 45 70 85
kleavor 70 135 95 45 70 85
Ursaluna 130 140 105 45 80 50
ursaluna 130 140 105 45 80 50
Basculegion_Male 120 112 65 80 75 78
basculegion_male 120 112 65 80 75 78
Basculegion_Female 120 92 65 100 75 78
basculegion_female 120 92 65 100 75 78
Sneasler 80 130 60 40 80 120
sneasler 80 130 60 40 80 120
Overqwil 85 115 95 65 65 85
overqwil 85 115 95 65 65 85
Enamorus_Incarnate_Forme 74 115 70 135 80 106
enamorus_incarnate_forme 74 115 70 135 80 106
Enamorus_Therian_Forme 74 135 110 95 100 46
enamorus_therian_forme 74 135 110 95 100 46
Sprigatito 40 61 54 45 45 65
sprigatito 40 61 54 45 45 65
Floragato 61 80 63 60 63 83
floragato 61 80 63 60 63 83
Meowscarada 76 110 70 81 70 123
meowscarada 76 110 70 81 70 123
Fuecoco 67 45 59 63 40 36
fuecoco 67 45 59 63 40 36
Crocalor 81 55 78 90 58 49
crocalor 81 55 78 90 58 49
Skeledirge 104 75 100 110 75 66
skeledirge 104 75 100 110 75 66
Quaxly 55 65 45 50 45 50
quaxly 55 65 45 50 45 50
Quaxwell 70 85 65 65 60 65
quaxwell 70 85 65 65 60 65
Quaquaval 85 120 80 85 75 85
quaquaval 85 120 80 85 75 85
Lechonk 54 45 40 35 45 35
lechonk 54 45 40 35 45 35
Oinkologne_Male 110 100 75 59 80 65
oinkologne_male 110 100 75 59 80 65
Oinkologne_Female 115 90 70 59 70 65
oinkologne_female 115 90 70 59 70 65
Tarountula 35 41 45 25 35 35
tarountula 35 41 45 25 35 35
Spidops 60 79 92 52 86 35
spidops 60 79 92 52 86 35
Nymble 33 46 40 21 25 45
nymble 33 46 40 21 25 45
Lokix 71 102 78 52 55 92
lokix 71 102 78 52 55 92
Pawmi 45 50 20 40 25 60
pawmi 45 50 20 40 25 60
Pawmo 60 75 40 50 40 85
pawmo 60 75 40 50 40 85
Pawmot 70 115 70 70 60 105
pawmot 70 115 70 70 60 105
Tandemaus 50 50 45 40 45 75
tandemaus 50 50 45 40 45 75
Maushold_Family_Of_Four 74 75 70 65 75 111
maushold_family_of_four 74 75 70 65 75 111
Maushold_Family_Of_Three 74 75 70 65 75 111
maushold_family_of_three 74 75 70 65 75 111
Fidough 37 55 70 30 55 65
fidough 37 55 70 30 55 65
Dachsbun 57 80 115 50 80 95
dachsbun 57 80 115 50 80 95
Smoliv 41 35 45 58 51 30
smoliv 41 35 45 58 51 30
Dolliv 52 53 60 78 78 33
dolliv 52 53 60 78 78 33
Arboliva 78 69 90 125 109 39
arboliva 78 69 90 125 109 39
Squawkabilly_Green_Plumage 82 96 51 45 51 92
squawkabilly_green_plumage 82 96 51 45 51 92
Squawkabilly_Blue_Plumage 82 96 51 45 51 92
squawkabilly_blue_plumage 82 96 51 45 51 92
Squawkabilly_Yellow_Plumage 82 96 51 45 51 92
squawkabilly_yellow_plumage 82 96 51 45 51 92
Squawkabilly_White_Plumage 82 96 51 45 51 92
squawkabilly_white_plumage 82 96 51 45 51 92
Nacli 55 55 75 35 35 25
nacli 55 55 75 35 35 25
Naclstack 60 60 100 35 65 35
naclstack 60 60 100 35 65 35
Garganacl 100 100 130 45 90 35
garganacl 100 100 130 45 90 35
Charcadet 40 50 40 50 40 50
charcadet 40 50 40 50 40 50
Armarouge 85 60 100 125 80 75
armarouge 85 60 100 125 80 75
Ceruledge 75 125 80 60 100 85
ceruledge 75 125 80 60 100 85
Tadbulb 61 31 41 59 35 45
tadbulb 61 31 41 59 35 45
Bellibolt 109 64 91 103 83 45
bellibolt 109 64 91 103 83 45
Wattrel 40 40 35 55 40 70
wattrel 40 40 35 55 40 70
Kilowattrel 70 70 60 105 60 125
kilowattrel 70 70 60 105 60 125
Maschiff 60 78 60 40 51 30
maschiff 60 78 60 40 51 30
Mabosstiff 80 120 90 60 70 85
mabosstiff 80 120 90 60 70 85
Shroodle 40 65 35 40 35 75
shroodle 40 65 35 40 35 75
Grafaiai 63 95 65 80 72 110
grafaiai 63 95 65 80 72 110
Bramblin 45 70 40 60 40 50
bramblin 45 70 40 60 40 50
Brambleghast 55 115 70 80 70 90
brambleghast 55 115 70 80 70 90
Toedscool 40 40 77 40 77 70
toedscool 40 40 77 40 77 70
Toedscruel 80 70 97 80 120 100
toedscruel 80 70 97 80 120 100
Klawf 70 100 115 35 55 75
klawf 70 100 115 35 55 75
Capsakid 50 62 40 62 40 65
capsakid 50 62 40 62 40 65
Scovillain 65 108 65 108 65 75
scovillain 65 108 65 108 65 75
Rellor 41 62 75 50 75 34
rellor 41 62 75 50 75 34
Rabsca 75 50 85 115 100 45
rabsca 75 50 85 115 100 45
Flittle 30 35 30 55 30 75
flittle 30 35 30 55 30 75
Espathra 95 60 60 101 60 105
espathra 95 60 60 101 60 105
Tinkatink 50 45 45 35 64 58
tinkatink 50 45 45 35 64 58
Tinkatuff 65 55 55 45 82 78
tinkatuff 65 55 55 45 82 78
Tinkaton 85 75 77 70 105 94
tinkaton 85 75 77 70 105 94
Wiglett 10 55 25 35 25 95
wiglett 10 55 25 35 25 95
Wugtrio 35 100 50 70 50 120
wugtrio 35 100 50 70 50 120
Bombirdier 85 120 85 55 60 85
bombirdier 85 120 85 55 60 85
Finizen 70 45 40 45 40 50
finizen 70 45 40 45 40 50
Palafin_Zero_Form 100 70 72 53 62 100
palafin_zero_form 100 70 72 53 62 100
Palafin_Hero_Form 100 160 97 106 87 100
palafin_hero_form 100 160 97 106 87 100
Varoom 45 70 63 30 45 47
varoom 45 70 63 30 45 47
Revavroom 80 119 90 54 67 93
revavroom 80 119 90 54 67 93
Cyclizar 70 95 65 85 65 121
cyclizar 70 95 65 85 65 121
Orthworm 70 85 145 60 55 65
orthworm 70 85 145 60 55 65
Glimmet 48 35 42 105 60 60
glimmet 48 35 42 105 60 60
Glimmora 83 55 90 130 81 86
glimmora 83 55 90 130 81 86
Greavard 50 61 60 30 55 34
greavard 50 61 60 30 55 34
Houndstone 72 101 100 50 97 68
houndstone 72 101 100 50 97 68
Flamigo 82 115 74 75 64 90
flamigo 82 115 74 75 64 90
Cetoddle 108 68 45 30 40 43
cetoddle 108 68 45 30 40 43
Cetitan 170 113 65 45 55 73
cetitan 170 113 65 45 55 73
Veluza 90 102 73 78 65 70
veluza 90 102 73 78 65 70
Dondozo 150 100 115 65 65 35
dondozo 150 100 115 65 65 35
Tatsugiri 68 50 60 120 95 82
tatsugiri 68 50 60 120 95 82
Annihilape 110 115 80 50 90 90
annihilape 110 115 80 50 90 90
Clodsire 130 75 60 45 100 20
clodsire 130 75 60 45 100 20
Farigiraf 120 90 70 110 70 60
farigiraf 120 90 70 110 70 60
Dudunsparce_Two_Segment_Form 125 100 80 85 75 55
dudunsparce_two_segment_form 125 100 80 85 75 55
Dudunsparce_Three_Segment_Form 125 100 80 85 75 55
dudunsparce_three_segment_form 125 100 80 85 75 55
Kingambit 100 135 120 85 85 50
kingambit 100 135 120 85 85 50
Great_Tusk 115 131 131 53 53 87
great_tusk 115 131 131 53 53 87
Scream_Tail 115 65 99 65 115 111
scream_tail 115 65 99 65 115 111
Brute_Bonnet 111 127 99 79 99 55
brute_bonnet 111 127 99 79 99 55
Flutter_Mane 55 55 55 135 135 135
flutter_mane 55 55 55 135 135 135
Slither_Wing 85 135 79 85 105 81
slither_wing 85 135 79 85 105 81
Sandy_Shocks 85 81 97 121 85 101
sandy_shocks 85 81 97 121 85 101
Iron_Treads 90 112 120 72 70 106
iron_treads 90 112 120 72 70 106
Iron_Bundle 56 80 114 124 60 136
iron_bundle 56 80 114 124 60 136
Iron_Hands 154 140 108 50 68 50
iron_hands 154 140 108 50 68 50
Iron_Jugulis 94 80 86 122 80 108
iron_jugulis 94 80 86 122 80 108
Iron_Moth 80 70 60 140 110 110
iron_moth 80 70 60 140 110 110
Iron_Thorns 100 134 110 70 84 72
iron_thorns 100 134 110 70 84 72
Frigibax 65 75 45 35 45 55
frigibax 65 75 45 35 45 55
Arctibax 90 95 66 45 65 62
arctibax 90 95 66 45 65 62
Baxcalibur 115 145 92 75 86 87
baxcalibur 115 145 92 75 86 87
Gimmighoul_Chest_Form 30 35 25 45 45 20
gimmighoul_chest_form 30 35 25 45 45 20
Gimmighoul_Roaming_Form 45 30 25 55 55 80
gimmighoul_roaming_form 45 30 25 55 55 80
Gholdengo 87 60 95 133 91 84
gholdengo 87 60 95 133 91 84
Wo_Chien 85 85 100 95 135 70
wo_chien 85 85 100 95 135 70
Chien_Pao 80 120 80 90 65 135
chien_pao 80 120 80 90 65 135
Ting_Lu 155 110 125 55 80 45
ting_lu 155 110 125 55 80 45
Chi_Yu 55 80 80 135 120 100
chi_yu 55 80 80 135 120 100
Roaring_Moon 105 139 71 55 101 119
roaring_moon 105 139 71 55 101 119
Iron_Valiant 74 130 90 120 60 116
iron_valiant 74 130 90 120 60 116
Koraidon 100 135 115 85 100 135
koraidon 100 135 115 85 100 135
Miraidon 100 85 100 135 115 135
miraidon 100 85 100 135 115 135
Walking_Wake 99 83 91 125 83 109
walking_wake 99 83 91 125 83 109
Iron_Leaves 90 130 88 70 110 104
iron_leaves 90 130 88 70 110 104
Dipplin 68 80 92 50 52 39
dipplin 68 80 92 50 52 39
Poltchageist_Crafty_Form 50 65 80 105 70 70
poltchageist_crafty_form 50 65 80 105 70 70
Poltchageist_Authentic_Form 50 65 80 105 70 70
poltchageist_authentic_form 50 65 80 105 70 70
Sinistcha_Masterpiece_Form 65 65 120 100 80 70
sinistcha_masterpiece_form 65 65 120 100 80 70
Sinistcha_Unremarkable_Form 65 65 120 100 80 70
sinistcha_unremarkable_form 65 65 120 100 80 70
Okidogi 88 115 76 65 90 119
okidogi 88 115 76 65 90 119
Munkidori 88 75 66 110 94 123
munkidori 88 75 66 110 94 123
Fezandipiti 88 65 88 102 89 113
fezandipiti 88 65 88 102 89 113
Terapagos_Base_Form 74 69 69 115 102 66
terapagos_base_form 74 69 69 115 102 66
Fidough_Evolved_Form 88 65 65 101 110 65
fidough_evolved_form 88 65 65 101 110 65
Bellibolt_Evolved_Form 121 77 77 135 95 50
bellibolt_evolved_form 121 77 77 135 95 50
Rellor_Special_Form 66 99 77 66 66 66
rellor_special_form 66 99 77 66 66 66
Poltchageist_New_Style 52 70 90 115 115 75
poltchageist_new_style 52 70 90 115 115 75
Sinistcha_Rare_Edition 72 66 132 125 125 60
sinistcha_rare_edition 72 66 132 125 125 60
Cyclizar_Advanced_Type 85 106 90 123 85 123
cyclizar_advanced_type 85 106 90 123 85 123
Glimmora_Crystal_Mode 100 78 115 151 99 96
glimmora_crystal_mode 100 78 115 151 99 96
Wo_Chien_Enhanced_Style 92 92 115 115 150 80
wo_chien_enhanced_style 92 92 115 115 150 80
Chien_Pao_Powered_Up_Form 88 135 99 106 75 145
chien_pao_powered_up_form 88 135 99 106 75 145
Ting_Lu_Beast_Mode 165 125 135 67 90 50
ting_lu_beast_mode 165 125 135 67 90 50
Chi_Yu_Legendary_Form 62 99 99 150 130 115
chi_yu_legendary_form 62 99 99 150 130 115
Roaring_Moon_Ultimate_Mode 115 151 79 65 112 130
roaring_moon_ultimate_mode 115 151 79 65 112 130
Iron_Valiant_Final_Stage 82 140 105 135 75 125
iron_valiant_final_stage 82 140 105 135 75 125
Koraidon_Champion_Form 112 150 125 95 115 150
koraidon_champion_form 112 150 125 95 115 150
Miraidon_Champion_Form 115 95 115 150 125 150
miraidon_champion_form 115 95 115 150 125 150
Walking_Wake_Eternal_Form 115 93 99 140 93 118
walking_wake_eternal_form 115 93 99 140 93 118
Iron_Leaves_Eternal_Form 95 145 105 80 125 125
iron_leaves_eternal_form 95 145 105 80 125 125
Dipplin_Advanced_Type 77 90 105 60 60 45
dipplin_advanced_type 77 90 105 60 60 45
Poltchageist_Elite_Style 55 75 95 125 125 80
poltchageist_elite_style 55 75 95 125 125 80
Sinistcha_Elite_Edition 77 70 145 135 135 65
sinistcha_elite_edition 77 70 145 135 135 65
Okidogi_Champion_Form 95 125 85 70 105 130
okidogi_champion_form 95 125 85 70 105 130
Munkidori_Champion_Form 95 85 75 120 115 135
munkidori_champion_form 95 85 75 120 115 135
Fezandipiti_Champion_Form 95 75 95 110 105 125
fezandipiti_champion_form 95 75 95 110 105 125
Mega_Venusaur 80 100 123 122 120 80
mega_venusaur 80 100 123 122 120 80
Mega_Charizard_X 78 130 111 130 85 100
mega_charizard_x 78 130 111 130 85 100
Mega_Charizard_Y 78 104 78 159 115 100
mega_charizard_y 78 104 78 159 115 100
Mega_Blastoise 79 103 120 135 115 78
mega_blastoise 79 103 120 135 115 78
Mega_Beedrill 65 150 40 15 80 145
mega_beedrill 65 150 40 15 80 145
Mega_Pidgeot 83 80 80 135 80 121
mega_pidgeot 83 80 80 135 80 121
Mega_Alakazam 55 50 65 175 95 150
mega_alakazam 55 50 65 175 95 150
Mega_Slowbro 95 75 180 130 80 30
mega_slowbro 95 75 180 130 80 30
Mega_Gengar 60 65 80 170 95 130
mega_gengar 60 65 80 170 95 130
Mega_Kangaskhan 105 125 100 60 100 100
mega_kangaskhan 105 125 100 60 100 100
Mega_Pinsir 65 155 120 65 90 105
mega_pinsir 65 155 120 65 90 105
Mega_Gyarados 95 155 109 70 130 81
mega_gyarados 95 155 109 70 130 81
Mega_Aerodactyl 80 135 85 70 95 150
mega_aerodactyl 80 135 85 70 95 150
Mega_Mewtwo_X 106 190 100 154 100 130
mega_mewtwo_x 106 190 100 154 100 130
Mega_Mewtwo_Y 106 150 70 194 120 140
mega_mewtwo_y 106 150 70 194 120 140
Mega_Ampharos 90 95 105 165 110 45
mega_ampharos 90 95 105 165 110 45
Mega_Steelix 75 125 230 55 95 30
mega_steelix 75 125 230 55 95 30
Mega_Scizor 70 150 140 65 100 75
mega_scizor 70 150 140 65 100 75
Mega_Heracross 80 185 115 40 105 75
mega_heracross 80 185 115 40 105 75
Mega_Houndoom 75 90 90 140 90 115
mega_houndoom 75 90 90 140 90 115
Mega_Tyranitar 100 164 150 95 120 71
mega_tyranitar 100 164 150 95 120 71
Mega_Sceptile 70 110 75 145 85 145
mega_sceptile 70 110 75 145 85 145
Mega_Blaziken 80 160 80 130 80 100
mega_blaziken 80 160 80 130 80 100
Mega_Swampert 100 150 110 95 110 70
mega_swampert 100 150 110 95 110 70
Mega_Gardevoir 68 85 65 165 135 100
mega_gardevoir 68 85 65 165 135 100
Mega_Sableye 50 85 125 85 115 20
mega_sableye 50 85 125 85 115 20
Mega_Mawile 50 105 125 55 95 50
mega_mawile 50 105 125 55 95 50
Mega_Aggron 70 140 230 60 80 50
mega_aggron 70 140 230 60 80 50
Mega_Medicham 60 100 85 80 85 100
mega_medicham 60 100 85 80 85 100
Mega_Manectric 70 75 80 135 80 135
mega_manectric 70 75 80 135 80 135
Mega_Sharpedo 70 140 70 110 65 105
mega_sharpedo 70 140 70 110 65 105
Mega_Camerupt 70 120 100 145 105 20
mega_camerupt 70 120 100 145 105 20
Mega_Altaria 75 110 110 110 105 80
mega_altaria 75 110 110 110 105 80
Mega_Banette 64 165 75 93 83 75
mega_banette 64 165 75 93 83 75
Mega_Absol 65 150 60 115 60 115
mega_absol 65 150 60 115 60 115
Mega_Glalie 80 120 80 120 80 100
mega_glalie 80 120 80 120 80 100
Mega_Salamence 95 145 130 120 90 120
mega_salamence 95 145 130 120 90 120
Mega_Metagross 80 145 150 105 110 110
mega_metagross 80 145 150 105 110 110
Mega_Latias 80 100 120 140 150 110
mega_latias 80 100 120 140 150 110
Mega_Latios 80 130 100 160 120 110
mega_latios 80 130 100 160 120 110
Mega_Rayquaza 105 180 100 180 100 115
mega_rayquaza 105 180 100 180 100 115
Mega_Lopunny 65 136 94 54 96 135
mega_lopunny 65 136 94 54 96 135
Mega_Garchomp 108 170 115 120 95 92
mega_garchomp 108 170 115 120 95 92
Mega_Lucario 70 145 88 140 70 112
mega_lucario 70 145 88 140 70 112
Mega_Abomasnow 90 132 105 132 105 30
mega_abomasnow 90 132 105 132 105 30
Mega_Gallade 68 165 95 65 115 110
mega_gallade 68 165 95 65 115 110
Mega_Diancie 50 160 110 160 110 110
mega_diancie 50 160 110 160 110 110
Mega_Audino 103 60 126 80 126 50
mega_audino 103 60 126 80 126 50